    bi.01t  207.185000  2.0682E-09   03/21/**
Bismuth at 24K (produced by Y.S.CHO on Linux unsing NJOY95)              mat8325
  83209         0.      0         0.      0         0.      0         0.
      0         0.      0         0.      0         0.      0         0.
      0         0.      0         0.      0         0.      0         0.
      0         0.      0         0.      0         0.      0         0.
     3418        3        7        8        4       -1        1        0
        0        0        0        0        0        0        0        0
        1       41       80     2888     3154        0        0        0
        0        0        0        0        0        0        0        0
        0        0        0        0        0        0        0        0
        0        0        0        0        0        0        0        0
                  39   1.00000097518E-11   1.78000000000E-11   3.16000000000E-11
   5.62000000000E-11   1.00000000000E-10   1.60000000000E-10   2.53000000000E-10
   3.50000000000E-10   5.06000000000E-10   7.50000000000E-10   1.01200000000E-09
   1.50000000000E-09   2.27700000000E-09   3.00000000000E-09   4.04800000000E-09
   5.00000000000E-09   6.32500000000E-09   9.10800000000E-09   1.06300000000E-08
   1.23970000000E-08   1.41700000000E-08   1.61920000000E-08   2.04930000000E-08
   2.53000000000E-08   3.06130000000E-08   4.27570000000E-08   5.69250000000E-08
   8.19720000000E-08   1.11573000000E-07   1.45728000000E-07   1.84437000000E-07
   2.27700000000E-07   2.51039200000E-07   2.70530400000E-07   2.90750100000E-07
   3.01133200000E-07   3.20642100000E-07   3.57681300000E-07   4.17035100000E-07
   9.56965226621E-02   7.25974980000E-02   5.55394082667E-02   4.32536554400E-02
   3.46132300000E-02   2.98845100000E-02   2.72022140000E-02   2.65164400000E-02
   2.72150693600E-02   3.02773300000E-02   3.48758209600E-02   4.53684000000E-02
   6.49272603467E-02   8.48727000000E-02   1.15880913302E-01   1.45769900000E-01
   1.89017296000E-01   2.79804488827E-01   3.29599764800E-01   3.91258489566E-01
   4.55825602615E-01   5.29506493796E-01   6.83130246486E-01   8.51645700000E-01
   1.03326258459E+00   1.41176058901E+00   1.81843366918E+00   2.48030919429E+00
   3.16803814622E+00   3.84990844059E+00   4.50118855758E+00   5.10390861193E+00
   5.38369346670E+00   5.59627760117E+00   5.79839547830E+00   5.89557831516E+00
   6.06714032109E+00   6.35655658109E+00   6.73950232030E+00   2.45102555687E-10
  -9.06807171195E-01  -7.13791693861E-01  -5.09470232613E-01  -2.91522538847E-01
  -5.66967926683E-02   1.99821592707E-01   4.85736251171E-01   8.14935014025E-01
   6.02547575941E-10  -8.97721250957E-01  -6.87476497736E-01  -4.67812463819E-01
  -2.37301719715E-01   5.88776503586E-03   2.64175029662E-01   5.40870765406E-01
   8.40723542008E-01   1.19705915261E-09  -8.92163052220E-01  -6.71731692355E-01
  -4.43586691769E-01  -2.06838197823E-01   3.95901111558E-02   2.97020969767E-01
   5.67110888235E-01   8.51981909918E-01   1.99495856121E-09  -8.88831291013E-01
  -6.62431520214E-01  -4.29535916470E-01  -1.89540470474E-01   5.82587214758E-02
   3.14690972725E-01   5.80744286062E-01   8.57611901121E-01   3.02707913683E-09
  -8.86552038070E-01  -6.56131090917E-01  -4.20129401647E-01  -1.78114400749E-01
   7.04053781906E-02   3.25992833449E-01   5.89297195114E-01   8.61073635083E-01
   4.43317548503E-09  -8.84759629029E-01  -6.51212629391E-01  -4.12849779328E-01
  -1.69356372150E-01   7.96177854218E-02   3.34464849258E-01   5.95626427956E-01
   8.63602158172E-01   7.08818500343E-09  -8.83456929987E-01  -6.47649814288E-01
  -4.07597834587E-01  -1.63066918428E-01   8.61992738635E-02   3.40482313574E-01
   6.00092917995E-01   8.65374993103E-01   1.19935939872E-08  -8.81083176214E-01
  -6.41226544451E-01  -3.98244845533E-01  -1.52011137555E-01   9.76106746621E-02
   3.50766239577E-01   6.07612096682E-01   8.68316712196E-01   2.40352303866E-10
  -9.13633487302E-01  -7.33983187285E-01  -5.42335328309E-01  -3.35824682782E-01
  -1.10208427009E-01   1.41299100356E-01   4.30911691454E-01   7.85766302666E-01
   5.97126098343E-10  -9.03475966885E-01  -7.04060567737E-01  -4.93894318518E-01
  -2.70973072724E-01  -3.25737180585E-02   2.25171293581E-01   5.08094968175E-01
   8.25787398659E-01   1.19057678889E-09  -8.96872640662E-01  -6.85049595493E-01
  -4.64033821728E-01  -2.32484330086E-01   1.13038887419E-02   2.69555505139E-01
   5.45269387775E-01   8.42659918297E-01   1.98626605475E-09  -8.92801996682E-01
  -6.73522713314E-01  -4.46306654840E-01  -2.10207156511E-01   3.59278455928E-02
   2.93524829121E-01   5.64385935183E-01   8.50844141178E-01   3.01742208419E-09
  -8.89964212969E-01  -6.65578090522E-01  -4.34261607605E-01  -1.95319163437E-01
   5.20685555207E-02   3.08881471691E-01   5.76303633242E-01   8.55799265487E-01
   4.42670562283E-09  -8.87698620686E-01  -6.59291527247E-01  -4.24831698711E-01
  -1.83804647483E-01   6.43814652890E-02   3.20413554356E-01   5.85096093768E-01
   8.59381792694E-01   7.06703987821E-09  -8.86048027670E-01  -6.54729225189E-01
  -4.18022073326E-01  -1.75537649194E-01   7.31617076861E-02   3.28571952008E-01
   5.91258400151E-01   8.61870254278E-01   1.19907847836E-08  -8.82990669690E-01
  -6.46391411412E-01  -4.05770851233E-01  -1.60913735565E-01   8.84149109221E-02
   3.42472948329E-01   6.01543893275E-01   8.65941076138E-01   2.32393351823E-10
  -9.20641740353E-01  -7.55042054587E-01  -5.77351656678E-01  -3.84363377926E-01
  -1.71114766792E-01   7.08601825013E-02   3.58554350448E-01   7.40223335337E-01
   5.87823518465E-10  -9.09986286022E-01  -7.23146110953E-01  -5.24590032466E-01
  -3.11721947843E-01  -8.08052485161E-02   1.73898439658E-01   4.62081648783E-01
   8.02871245576E-01   1.17933048688E-09  -9.02456611506E-01  -7.01093827846E-01
  -4.89169638247E-01  -2.64781424893E-01  -2.53709563067E-02   2.32644464166E-01
   5.14563249456E-01   8.28843460220E-01   1.97115109091E-09  -8.97639987902E-01
  -6.87232412441E-01  -4.67410882360E-01  -2.36759350904E-01   6.53550935227E-03
   2.64860762857E-01   5.41470505624E-01   8.41005664487E-01   3.00034768102E-09
  -8.94186046556E-01  -6.77418503493E-01  -4.52255014487E-01  -2.17619968798E-01
   2.78126980705E-02   2.85714667691E-01   5.58242341470E-01   8.48253607408E-01
   4.41525302668E-09  -8.91373479527E-01  -6.69509542676E-01  -4.40196465724E-01
  -2.02619379969E-01   4.41974793402E-02   3.01439298475E-01   5.70569570514E-01
   8.53431373470E-01   7.02995932595E-09  -8.89318963836E-01  -6.63757370909E-01
  -4.31477224962E-01  -1.91849587388E-01   5.58587078057E-02   3.12511246674E-01
   5.79136836747E-01   8.56977572098E-01   1.19844012742E-08  -8.85430290772E-01
  -6.53049914674E-01  -4.15563372524E-01  -1.72613497424E-01   7.62005176447E-02
   3.31331096064E-01   5.93292487529E-01   8.62672630483E-01   2.19740892946E-10
  -9.27334651262E-01  -7.75433243431E-01  -6.11910625389E-01  -4.33503571623E-01
  -2.35032499226E-01  -7.30375863787E-03   2.69564963012E-01   6.67583653178E-01
   5.71976934093E-10  -9.16982745940E-01  -7.43999561044E-01  -5.58883180220E-01
  -3.58569210783E-01  -1.38416397142E-01   1.09245187495E-01   3.98977250759E-01
   7.66898641262E-01   1.15988166942E-09  -9.08903782241E-01  -7.19939089440E-01
  -5.19361413697E-01  -3.04663458091E-01  -7.22711550898E-02   1.83229894310E-01
   4.70796006515E-01   8.07459053200E-01   1.94494974402E-09  -9.03410292668E-01
  -7.03852108236E-01  -4.93529133896E-01  -2.70445089406E-01  -3.18940483806E-02
   2.25955777397E-01   5.08856100238E-01   8.26190929433E-01   2.96994255183E-09
  -8.99337456413E-01  -6.92085391564E-01  -4.74966353658E-01  -2.46395320555E-01
  -4.30771823432E-03   2.54070712745E-01   5.32627328161E-01   8.37097770319E-01
   4.39482293932E-09  -8.95912384957E-01  -6.82303508329E-01  -4.59760014866E-01
  -2.27041016687E-01   1.74125174787E-02   2.75605624736E-01   5.50191860113E-01
   8.44812618688E-01   6.96544133357E-09  -8.93409720062E-01  -6.75189184434E-01
  -4.48772294449E-01  -2.13174166511E-01   3.28042638271E-02   2.90647401954E-01
   5.62230288497E-01   8.49979790047E-01   1.19727930863E-08  -8.88535421387E-01
  -6.61608643469E-01  -4.28298315204E-01  -1.88025231073E-01   5.98835576833E-02
   3.16217039272E-01   5.81910926178E-01   8.58088869643E-01   2.01695491298E-10
  -9.32174482168E-01  -7.90297558085E-01  -6.37383797391E-01  -4.70266297479E-01
  -2.83875747731E-01  -6.90750169050E-02   1.94488925473E-01   5.91041146001E-01
   5.46284639488E-10  -9.23993174883E-01  -7.65212781788E-01  -5.94496180803E-01
  -4.08567889315E-01  -2.02281905019E-01   3.33455201804E-02   3.17130686707E-01
   7.09499164088E-01   1.12726568470E-09  -9.15935547257E-01  -7.40846767308E-01
  -5.53629933299E-01  -3.51273225464E-01  -1.29248457479E-01   1.19847432400E-01
   4.09819230985E-01   7.73580332211E-01   1.90069235783E-09  -9.10025458903E-01
  -7.23238844015E-01  -5.24695051124E-01  -3.11791870887E-01  -8.07884236595E-02
   1.74050642647E-01   4.62382453571E-01   8.03133801531E-01   2.91618769276E-09
  -9.05428396809E-01  -7.09719126278E-01  -5.02866493247E-01  -2.82677929088E-01
  -4.61285575294E-02   2.11165809749E-01   4.96012851447E-01   8.20085291886E-01
   4.35835923666E-09  -9.01362421917E-01  -6.97907687770E-01  -4.84095660977E-01
  -2.58137316843E-01  -1.76582807041E-02   2.40612837396E-01   5.21406730422E-01
   8.32036870690E-01   6.85502250942E-09  -8.98401111090E-01  -6.89344502253E-01
  -4.70581201454E-01  -2.40637578588E-01   2.37477558043E-03   2.60943367436E-01
   5.38460683447E-01   8.39765774011E-01   1.19499986417E-08  -8.92416106653E-01
  -6.72434475697E-01  -4.44642291538E-01  -2.08129942342E-01   3.82044552233E-02
   2.95717310408E-01   5.66110831929E-01   8.51570966236E-01   1.85720374084E-10
  -9.33867922474E-01  -7.95527378388E-01  -6.46414610896E-01  -4.83431402520E-01
  -3.01618617003E-01  -9.20238447298E-02   1.65348106124E-01   5.54621345310E-01
   5.16920742858E-10  -9.28976591140E-01  -7.80452482164E-01  -6.20457206010E-01
  -4.45735106678E-01  -2.51094645374E-01  -2.72523623982E-02   2.46153798167E-01
   6.46766434425E-01   1.08711042462E-09  -9.21745093101E-01  -7.58367029576E-01
  -5.82905772381E-01  -3.92116925675E-01  -1.80954725743E-01   5.92545018391E-02
   3.46158284228E-01   7.31669642388E-01   1.84520527845E-09  -9.15869827465E-01
  -7.40623687813E-01  -5.53234705774E-01  -3.50696135989E-01  -1.28455966029E-01
   1.20820298401E-01   4.10918198827E-01   7.74340925862E-01   2.84439410091E-09
  -9.11019500044E-01  -7.26164813612E-01  -5.29438297891E-01  -3.18149558208E-01
  -8.84187584928E-02   1.65773061963E-01   4.54718968463E-01   7.99124049016E-01
   4.30851754035E-09  -9.06465493330E-01  -7.12743555290E-01  -5.07692956057E-01
  -2.89031151100E-01  -5.35678690882E-02   2.03364850685E-01   4.89151098365E-01
   8.16764177255E-01   6.71393854220E-09  -9.03144065672E-01  -7.02998191713E-01
  -4.92021127011E-01  -2.68256508073E-01  -2.90780055020E-02   2.29185328182E-01
   5.11944200095E-01   8.27789019885E-01   1.19148561711E-08  -8.96219339292E-01
  -6.83179304332E-01  -4.61119480114E-01  -2.28767273297E-01   1.54821300780E-02
   2.73701726363E-01   5.48650514509E-01   8.44142298640E-01   1.75563678515E-10
  -9.33472892303E-01  -7.94305240398E-01  -6.44299534373E-01  -4.80339260598E-01
  -2.97435492348E-01  -8.65838747455E-02   1.72322270463E-01   5.63697641650E-01
   4.85585033038E-10  -9.32471653537E-01  -7.91210555182E-01  -6.38950065579E-01
  -4.72531813530E-01  -2.86899690919E-01  -7.29372697728E-02   1.89675318076E-01
   5.85354235492E-01   1.03587247828E-09  -9.26980614130E-01  -7.74322218679E-01
  -6.09954438617E-01  -4.30589288956E-01  -2.31008427867E-01  -1.95496575298E-03
   2.76556593400E-01   6.75732827023E-01   1.77105293056E-09  -9.21612015784E-01
  -7.57934270770E-01  -5.82146389198E-01  -3.91016581036E-01  -1.79451739432E-01
   6.11336606659E-02   3.48388700074E-01   7.33486578433E-01   2.74003514634E-09
  -9.16836560828E-01  -7.43514499977E-01  -5.58001187358E-01  -3.57214495584E-01
  -1.36536670585E-01   1.11675621750E-01   4.01788452129E-01   7.68894847029E-01
   4.23208069517E-09  -9.11901012382E-01  -7.28770759898E-01  -5.33671983553E-01
  -3.23850059048E-01  -9.52940962128E-02   1.58260655975E-01   4.47678758438E-01
   7.95380600289E-01   6.51945694617E-09  -9.08279549020E-01  -7.17996350934E-01
  -5.16015751085E-01  -2.99885694535E-01  -6.61545870101E-02   1.90315272185E-01
   4.77797063779E-01   8.11319461278E-01   1.18490342509E-08  -9.00510620127E-01
  -6.95457736505E-01  -4.80251678136E-01  -2.53188494757E-01  -1.20235053293E-02
   2.46304853783E-01   5.26166160371E-01   8.34192288202E-01   1.73441489970E-10
  -9.32057120385E-01  -7.89934793629E-01  -6.36757164470E-01  -4.69353426691E-01
  -2.82649024792E-01  -6.75008921597E-02   1.96441830127E-01   5.93034847554E-01
   4.71489600141E-10  -9.33765997918E-01  -7.95209052120E-01  -6.45857298159E-01
  -4.82605587839E-01  -3.00482984848E-01  -9.05157024191E-02   1.67341920444E-01
   5.57451686683E-01   9.97625530591E-10  -9.30066949229E-01  -7.83792980243E-01
  -6.26164513451E-01  -4.53942558342E-01  -2.61952529476E-01  -4.09095176140E-02
   2.29685235812E-01   6.30401370108E-01   1.70956817681E-09  -9.25429325084E-01
  -7.69547047959E-01  -6.01784212340E-01  -4.18866543539E-01  -2.15515370377E-01
   1.73639660233E-02   2.99386190328E-01   6.95720205842E-01   2.64411617286E-09
  -9.20973941128E-01  -7.55989670612E-01  -5.78846176788E-01  -3.86293635980E-01
  -1.73330941819E-01   6.86022096663E-02   3.56652901656E-01   7.39455105220E-01
   4.15501333291E-09  -9.15934595682E-01  -7.40794653353E-01  -5.53461246786E-01
  -3.50903312779E-01  -1.28589108555E-01   1.20858073974E-01   4.11163100775E-01
   7.74629681868E-01   6.35037274083E-09  -9.12127137036E-01  -7.29372130378E-01
  -5.34513543874E-01  -3.24775268800E-01  -9.61206022778E-02   1.57735972828E-01
   4.47624985913E-01   7.95626309201E-01   1.17560175883E-08  -9.03921903395E-01
  -7.05329612392E-01  -4.95860005711E-01  -2.73468125290E-01  -3.53702923809E-02
   2.22395532866E-01   5.05819693847E-01   8.24778299203E-01   1.77040254027E-10
  -9.29795006390E-01  -7.82968315707E-01  -6.24774311782E-01  -4.51975888607E-01
  -2.59405210387E-01  -3.77985982007E-02   2.33257289600E-01   6.33452476778E-01
   4.79359550495E-10  -9.34062970314E-01  -7.96129707961E-01  -6.47455099534E-01
  -4.84949161142E-01  -3.03666137005E-01  -9.46771291089E-02   1.61964541039E-01
   5.50281226207E-01   9.67697235952E-10  -9.32568881825E-01  -7.91497303117E-01
  -6.39423137907E-01  -4.73201565545E-01  -2.87751866080E-01  -7.39546333516E-02
   1.88538442898E-01   5.84336628041E-01   1.64246294241E-09  -9.29186907127E-01
  -7.81054112097E-01  -6.21421142572E-01  -4.47060927060E-01  -2.52678951700E-01
  -2.90084119154E-02   2.44557173769E-01   6.46074955329E-01   2.52250715962E-09
  -9.25426704372E-01  -7.69528917427E-01  -6.01728807999E-01  -4.18719924177E-01
  -2.15256714520E-01   1.78076103744E-02   3.00013663671E-01   6.96564805216E-01
   4.03999909892E-09  -9.20556880782E-01  -7.54720615805E-01  -5.76681530174E-01
  -3.83209366551E-01  -1.69320704754E-01   7.34517451648E-02   3.62025196954E-01
   7.43284698142E-01   6.14996874828E-09  -9.16545322673E-01  -7.42573900673E-01
  -5.56287848926E-01  -3.54616395431E-01  -1.32947041937E-01   1.16259250316E-01
   4.07020953965E-01   7.72502041304E-01   1.15354018051E-08  -9.08251530198E-01
  -7.17990597058E-01  -5.16154867256E-01  -3.00293378664E-01  -6.69384669996E-02
   1.89109151264E-01   4.76316020018E-01   8.10359914802E-01   1.92394305666E-10
  -9.27328258665E-01  -7.75392423465E-01  -6.11793113434E-01  -4.33248225842E-01
  -2.34543913062E-01  -6.41553420724E-03   2.71205439956E-01   6.70776555835E-01
   5.28709791318E-10  -9.33648534487E-01  -7.94843463021E-01  -6.45219356067E-01
  -4.81664124640E-01  -2.99195406725E-01  -8.88188865049E-02   1.69554690187E-01
   5.60433335960E-01   9.89270394782E-10  -9.33856848801E-01  -7.95481595652E-01
  -6.46314990438E-01  -4.83263629093E-01  -3.01343904225E-01  -9.15802996661E-02
   1.66035267516E-01   5.55922087408E-01   1.60740319709E-09  -9.32090876569E-01
  -7.89994705530E-01  -6.36790813732E-01  -4.69347075483E-01  -2.82479062021E-01
  -6.70205329708E-02   1.97561340148E-01   5.95663837562E-01   2.41614885279E-09
  -9.29413409122E-01  -7.81739075628E-01  -6.22568397111E-01  -4.48658718903E-01
  -2.54719289111E-01  -3.14687543494E-02   2.41774845568E-01   6.43552809020E-01
   3.89319596505E-09  -9.25247221913E-01  -7.68968172438E-01  -6.00737918869E-01
  -4.17224647489E-01  -2.13213784321E-01   2.04981602458E-02   3.03341175120E-01
   6.99499699666E-01   5.97919408080E-09  -9.21055860713E-01  -7.56189396324E-01
  -5.79069549841E-01  -3.86438008022E-01  -1.73252614185E-01   6.90695014435E-02
   3.57686377017E-01   7.40644938911E-01   1.10627871872E-08  -9.13912883772E-01
  -7.34724414829E-01  -5.43369762644E-01  -3.36947525083E-01  -1.11172568339E-01
   1.40780305237E-01   4.31099563672E-01   7.86361454108E-01   2.17109421653E-10
  -9.25480276562E-01  -7.69742535517E-01  -6.02173195663E-01  -4.19488341096E-01
  -2.16503493288E-01   1.59038105896E-02   2.97125408344E-01   6.92793659665E-01
   5.99180660172E-10  -9.33134986470E-01  -7.93225575392E-01  -6.42382438430E-01
  -4.77526234519E-01  -2.93548366770E-01  -8.13619721289E-02   1.79086274006E-01
   5.72703985554E-01   1.07775900238E-09  -9.34089245562E-01  -7.96200716999E-01
  -6.47564083452E-01  -4.85110031739E-01  -3.03865262647E-01  -9.48880404352E-02
   1.61701193599E-01   5.49961293522E-01   1.64576341124E-09  -9.33361083638E-01
  -7.93917696582E-01  -6.43563426416E-01  -4.79223029073E-01  -2.95792666319E-01
  -8.42043655730E-02   1.75612604985E-01   5.68704052637E-01   2.39467773015E-09
  -9.31631613346E-01  -7.88567151295E-01  -6.34304826848E-01  -4.65674170953E-01
  -2.77456832461E-01  -6.04476630901E-02   2.06058116078E-01   6.05763554071E-01
   3.79693903134E-09  -9.28380557662E-01  -7.78551312204E-01  -6.17069366947E-01
  -4.40623444682E-01  -2.43951490175E-01  -1.76704939167E-02   2.58675454575E-01
   6.60533663775E-01   5.90664467437E-09  -9.24262154812E-01  -7.65943603396E-01
  -5.95563505140E-01  -4.09793050976E-01  -2.03426087071E-01   3.26223637785E-02
   3.17350682384E-01   7.10934238341E-01   1.05862073576E-08  -9.18843571054E-01
  -7.49446193329E-01  -5.67643522045E-01  -3.70237798801E-01  -1.52359988121E-01
   9.40997003611E-02   3.84721661052E-01   7.59016473029E-01   2.78590808368E-10
  -9.24346275802E-01  -7.66247656462E-01  -5.96194409998E-01  -4.10926404354E-01
  -2.05195316062E-01   2.99721994058E-02   3.13706197321E-01   7.07186747910E-01
   7.60332106370E-10  -9.32498402070E-01  -7.91254292229E-01  -6.38967824922E-01
  -4.72526888012E-01  -2.86773886568E-01  -7.25744514539E-02   1.90508502181E-01
   5.87264452639E-01   1.32845463839E-09  -9.34104901017E-01  -7.96235908133E-01
  -6.47605074080E-01  -4.85164621094E-01  -3.03907046254E-01  -9.48691459124E-02
   1.61769002155E-01   5.50179881569E-01   1.85465192370E-09  -9.34039363512E-01
  -7.96019337729E-01  -6.47208382474E-01  -4.84570397220E-01  -3.03058976178E-01
  -9.36810644890E-02   1.63375753090E-01   5.52533725340E-01   2.52147631873E-09
  -9.33360124505E-01  -7.93906604265E-01  -6.43525483590E-01  -4.79129066547E-01
  -2.95605324759E-01  -8.38856507869E-02   1.76362977072E-01   5.70443873531E-01
   3.78337592105E-09  -9.31475078270E-01  -7.88064890431E-01  -6.33393325304E-01
  -4.64246741219E-01  -2.75398449968E-01  -5.75850701686E-02   2.10008377764E-01
   6.10851096356E-01   5.91690909535E-09  -9.28162644943E-01  -7.77869755798E-01
  -6.15860149481E-01  -4.38809621572E-01  -2.41443519024E-01  -1.43570083691E-02
   2.62920192221E-01   6.64946271366E-01   1.00318029963E-08  -9.24969146660E-01
  -7.67933602300E-01  -5.98574069294E-01  -4.13481087542E-01  -2.07307847377E-01
   2.92661093026E-02   3.15615239057E-01   7.11814016637E-01   4.11642037243E-10
  -9.24252555897E-01  -7.65953436035E-01  -5.95674525480E-01  -4.10123406121E-01
  -2.04090199700E-01   3.14277853133E-02   3.15449433580E-01   7.08834752393E-01
   1.07902807609E-09  -9.32274457109E-01  -7.90552652093E-01  -6.37733013953E-01
  -4.70676529511E-01  -2.84200138615E-01  -6.91447496491E-02   1.95079732727E-01
   5.93065283828E-01   1.81702221975E-09  -9.34051544290E-01  -7.96054275641E-01
  -6.47262443978E-01  -4.84636993897E-01  -3.03129318549E-01  -9.37430686643E-02
   1.63354621497E-01   5.52662794267E-01   2.38044763063E-09  -9.34132772002E-01
  -7.96328887212E-01  -6.47776514834E-01  -4.85419615975E-01  -3.04270654837E-01
  -9.53820795556E-02   1.61080553619E-01   5.49176986008E-01   2.96778143578E-09
  -9.34047598275E-01  -7.96036808763E-01  -6.47219540550E-01  -4.84549280552E-01
  -3.02971101108E-01  -9.34821053660E-02   1.63797289190E-01   5.53620266980E-01
   4.07024324990E-09  -9.33320792131E-01  -7.93766119840E-01  -6.43238518962E-01
  -4.78619024253E-01  -2.94773250094E-01  -8.26011452242E-02   1.78418224860E-01
   5.73801352969E-01   6.15660125687E-09  -9.31251748928E-01  -7.87359599054E-01
  -6.32135992127E-01  -4.62318416163E-01  -2.72701380857E-01  -5.38950137220E-02
   2.14905334939E-01   6.17032305473E-01   9.78593300288E-09  -9.30348294876E-01
  -7.84329686052E-01  -6.26357286467E-01  -4.53034113704E-01  -2.58822753031E-01
  -3.39181714331E-02   2.43227574706E-01   6.51928362824E-01   5.56524914091E-10
  -9.24728635856E-01  -7.67393401522E-01  -5.98087691040E-01  -4.13492753564E-01
  -2.08406088909E-01   2.62954655112E-02   3.09791816242E-01   7.04520034471E-01
   1.42870407203E-09  -9.32419270823E-01  -7.90990351486E-01  -6.38466367795E-01
  -4.71698791172E-01  -2.85505318996E-01  -7.07251619098E-02   1.93288535692E-01
   5.91318529086E-01   2.32285887344E-09  -9.34057542661E-01  -7.96067728441E-01
  -6.47273853611E-01  -4.84630238639E-01  -3.03083277834E-01  -9.36315523599E-02
   1.63597876114E-01   5.53335749380E-01   2.95924727972E-09  -9.34120502879E-01
  -7.96301658465E-01  -6.47744444997E-01  -4.85374019467E-01  -3.04231093595E-01
  -9.53846883525E-02   1.61055911541E-01   5.49078765948E-01   3.51241338602E-09
  -9.34175256650E-01  -7.96435375004E-01  -6.47917851391E-01  -4.85587885334E-01
  -3.04405522895E-01  -9.53844248807E-02   1.61281381647E-01   5.50006488409E-01
   4.52460207366E-09  -9.33914423328E-01  -7.95605865707E-01  -6.46429434856E-01
  -4.83304614534E-01  -3.01144565133E-01  -9.09128521192E-02   1.67686511544E-01
   5.60109913521E-01   6.53056193767E-09  -9.32648203362E-01  -7.91664294318E-01
  -6.39551446688E-01  -4.73108396651E-01  -2.87168851259E-01  -7.24844415731E-02
   1.91698371959E-01   5.91042734963E-01   9.93567348324E-09  -9.32096819833E-01
  -7.89759967973E-01  -6.35788268436E-01  -4.66818327343E-01  -2.77443304146E-01
  -5.78971977891E-02   2.13454138046E-01   6.21731663816E-01   7.12308880282E-10
  -9.24227447546E-01  -7.65863552450E-01  -5.95478891996E-01  -4.09757285614E-01
  -2.03520027904E-01   3.22948002058E-02   3.16618609709E-01   7.09815587574E-01
   1.93647967627E-09  -9.32610016795E-01  -7.91566123676E-01  -6.39428412964E-01
  -4.73034864564E-01  -2.87206793336E-01  -7.27711124207E-02   1.90977106208E-01
   5.89140222333E-01   3.09865432295E-09  -9.34132735966E-01  -7.96294247790E-01
  -6.47651427866E-01  -4.85154060319E-01  -3.03748872557E-01  -9.44373838977E-02
   1.62797429046E-01   5.52950294999E-01   3.85387069366E-09  -9.34171792062E-01
  -7.96434119011E-01  -6.47936793811E-01  -4.85651784478E-01  -3.04552890412E-01
  -9.56705026070E-02   1.60741247200E-01   5.48819408129E-01   4.39797471095E-09
  -9.34200172530E-01  -7.96516408299E-01  -6.48067584499E-01  -4.85825197665E-01
  -3.04756439959E-01  -9.58838375498E-02   1.60554421823E-01   5.48809812612E-01
   5.33263277703E-09  -9.34220671143E-01  -7.96558049965E-01  -6.48088488396E-01
  -4.85755267201E-01  -3.04503295994E-01  -9.53322995754E-02   1.61889250348E-01
   5.52367546719E-01   7.22337868646E-09  -9.33638184361E-01  -7.94721289117E-01
  -6.44828202382E-01  -4.80813162052E-01  -2.97547753432E-01  -8.59025283413E-02
   1.74745743956E-01   5.70424665177E-01   1.04569258541E-08  -9.33404531988E-01
  -7.93833271399E-01  -6.42910439544E-01  -4.77340606528E-01  -2.91820849638E-01
  -7.67552486982E-02   1.89261428706E-01   5.94149723412E-01   8.62897830950E-10
  -9.24178798637E-01  -7.65705254321E-01  -5.95185176779E-01  -4.09308856799E-01
  -2.02873202402E-01   3.31642799886E-02   3.17765137403E-01   7.10953057562E-01
   2.36614297564E-09  -9.32682859391E-01  -7.91780244061E-01  -6.39772421442E-01
  -4.73481566794E-01  -2.87731209546E-01  -7.33223673553E-02   1.90490937746E-01
   5.89043157742E-01   3.82260110841E-09  -9.34204325987E-01  -7.96510339018E-01
  -6.48012454114E-01  -4.85657132332E-01  -3.04391174834E-01  -9.52174610080E-02
   1.61975375802E-01   5.52343747006E-01   4.69145766396E-09  -9.34198921553E-01
  -7.96513547553E-01  -6.48065127941E-01  -4.85826615203E-01  -3.04766182732E-01
  -9.59084451497E-02   1.60499165954E-01   5.48670909382E-01   5.25037849414E-09
  -9.34189195074E-01  -7.96485247806E-01  -6.48019755775E-01  -4.85767239250E-01
  -3.04696803355E-01  -9.58351972272E-02   1.60559783525E-01   5.48660319930E-01
   6.14192885151E-09  -9.34316732246E-01  -7.96858657716E-01  -6.48616522083E-01
  -4.86543723589E-01  -3.05598246928E-01  -9.67934362656E-02   1.59928624582E-01
   5.49626863340E-01   7.94863424169E-09  -9.34084507427E-01  -7.96101718168E-01
  -6.47216536383E-01  -4.84311870520E-01  -3.02285772987E-01  -9.20616025911E-02
   1.66859407490E-01   5.60484195834E-01   1.10890873092E-08  -9.33637245795E-01
  -7.95169128557E-01  -6.45789830138E-01  -4.81976090107E-01  -2.98494619336E-01
  -8.58833227835E-02   1.77060967078E-01   5.78858344690E-01   1.25805044309E-09
  -9.25937394062E-01  -7.71043329385E-01  -6.04195894080E-01  -4.22056759155E-01
  -2.19347737715E-01   1.31894236452E-02   2.95312579797E-01   6.93369018238E-01
   3.02236227438E-09  -9.32843058842E-01  -7.92267931556E-01  -6.40597471549E-01
  -4.74645242886E-01  -2.89250020446E-01  -7.51987444391E-02   1.88237343420E-01
   5.86901354849E-01   4.86016637907E-09  -9.34300641291E-01  -7.96800659195E-01
  -6.48496706575E-01  -4.86329869179E-01  -3.05246041163E-01  -9.62437132424E-02
   1.60822251050E-01   5.51217773227E-01   5.88441400389E-09  -9.34235702639E-01
  -7.96623928002E-01  -6.48247753575E-01  -4.86077717365E-01  -3.05081315050E-01
  -9.62796544415E-02   1.60097592276E-01   5.48339540897E-01   6.47837649636E-09
  -9.34153189746E-01  -7.96404743960E-01  -6.47922047518E-01  -4.85616399918E-01
  -3.04543975275E-01  -9.57782016550E-02   1.60624116024E-01   5.48699168222E-01
   7.33197203877E-09  -9.34344175285E-01  -7.96944978864E-01  -6.48769530735E-01
  -4.86775336915E-01  -3.05923098054E-01  -9.72214175496E-02   1.59186496257E-01
   5.48022114315E-01   9.05079131408E-09  -9.34162148566E-01  -7.96775394978E-01
  -6.48654801050E-01  -4.86568677684E-01  -3.05451416264E-01  -9.62700684736E-02
   1.61352870151E-01   5.53272211332E-01   1.21062517957E-08  -9.33446610675E-01
  -7.94571270178E-01  -6.45571199953E-01  -4.83013461801E-01  -3.01270675780E-01
  -9.09618729032E-02   1.68958267446E-01   5.66714714408E-01   2.77171669789E-09
  -9.31462638802E-01  -7.87865497495E-01  -6.32668181451E-01  -4.62514317421E-01
  -2.72061465594E-01  -5.16155314683E-02   2.20209706617E-01   6.27060222325E-01
   4.97002975826E-09  -9.33658940019E-01  -7.94775141027E-01  -6.44896962348E-01
  -4.80859007726E-01  -2.97539155136E-01  -8.57683029964E-02   1.75098919835E-01
   5.71597825387E-01   7.19947923993E-09  -9.33860914558E-01  -7.96070730280E-01
  -6.48220836688E-01  -4.86579313002E-01  -3.06020545240E-01  -9.75618331311E-02
   1.58960102699E-01   5.48904291211E-01   8.47721365431E-09  -9.33400618500E-01
  -7.94562041210E-01  -6.45860316518E-01  -4.84052493948E-01  -3.03463240860E-01
  -9.51070602092E-02   1.60775797125E-01   5.48428309929E-01   9.14100359656E-09
  -9.33169927287E-01  -7.93733413444E-01  -6.44328417087E-01  -4.82090923268E-01
  -3.01357629427E-01  -9.30068375697E-02   1.62853404564E-01   5.50001167981E-01
   9.95667320182E-09  -9.33363192316E-01  -7.94241709981E-01  -6.44923026977E-01
  -4.82825461600E-01  -3.02511033423E-01  -9.44651780081E-02   1.61095829889E-01
   5.48477295126E-01   1.15666815518E-08  -9.33704853166E-01  -7.94935914193E-01
  -6.45465312327E-01  -4.82916039706E-01  -3.02934047568E-01  -9.54830108994E-02
   1.60041844172E-01   5.48887278156E-01   1.45223041226E-08  -9.34298888018E-01
  -7.96516797011E-01  -6.47347279487E-01  -4.83845751176E-01  -3.02136211405E-01
  -9.38178257159E-02   1.62805807766E-01   5.55374750695E-01   3.23965930033E-09
  -9.32690987784E-01  -7.91544150139E-01  -6.38754680835E-01  -4.70957146376E-01
  -2.82696353759E-01  -6.41813994372E-02   2.06431679725E-01   6.15657657722E-01
   6.15072588749E-09  -9.33274048666E-01  -7.94294036250E-01  -6.45028040024E-01
  -4.81858654297E-01  -2.99516399346E-01  -8.88361047553E-02   1.70768834350E-01
   5.65895197190E-01   8.52785449907E-09  -9.33556402252E-01  -7.94718129740E-01
  -6.45616240788E-01  -4.83885792517E-01  -3.03895293145E-01  -9.60774868452E-02
   1.59710591990E-01   5.48704355503E-01   9.92231166607E-09  -9.33407956689E-01
  -7.94082723482E-01  -6.44112370617E-01  -4.81144471454E-01  -3.00684294783E-01
  -9.29636493559E-02   1.62306293171E-01   5.49142753532E-01   1.06198997320E-08
  -9.33300024183E-01  -7.93680545336E-01  -6.43250010687E-01  -4.79596580951E-01
  -2.98674445633E-01  -9.07349034635E-02   1.64615765932E-01   5.50972527470E-01
   1.14268206391E-08  -9.33643233517E-01  -7.94630877552E-01  -6.44632250831E-01
  -4.81098453359E-01  -2.99842362354E-01  -9.21972479442E-02   1.62813148576E-01
   5.49334976251E-01   1.30022978138E-08  -9.34207029202E-01  -7.96181164154E-01
  -6.46864937961E-01  -4.83514149620E-01  -3.02184351649E-01  -9.46995212127E-02
   1.60254183774E-01   5.48230306621E-01   1.59233471367E-08  -9.34967491379E-01
  -7.98412475677E-01  -6.50211827186E-01  -4.87038140579E-01  -3.04493169720E-01
  -9.52204040135E-02   1.60769424599E-01   5.52037797090E-01   2.04361571323E-09
  -9.24221080724E-01  -7.65794958720E-01  -5.95246891192E-01  -4.09243936891E-01
  -2.02558440212E-01   3.39187050580E-02   3.19159401233E-01   7.12684489832E-01
   7.24556300482E-09  -9.33203313548E-01  -7.93659524673E-01  -6.43657204270E-01
  -4.80624453163E-01  -2.99241184035E-01  -8.95450415494E-02   1.69071314832E-01
   5.63467385615E-01   1.00206051416E-08  -9.33978397362E-01  -7.95580534198E-01
  -6.46092978949E-01  -4.82909259257E-01  -3.02088089570E-01  -9.48355750873E-02
   1.60287372336E-01   5.48506596183E-01   1.15923841714E-08  -9.33969162994E-01
  -7.95473864279E-01  -6.45679096242E-01  -4.81819407080E-01  -2.99907411691E-01
  -9.18161466400E-02   1.63148346261E-01   5.49463477140E-01   1.23376162412E-08
  -9.33886353418E-01  -7.95197742079E-01  -6.45135931093E-01  -4.80851590242E-01
  -2.98226915775E-01  -8.97788083385E-02   1.65289534081E-01   5.51280203465E-01
   1.31402363552E-08  -9.34262328979E-01  -7.96302846953E-01  -6.46900791988E-01
  -4.83115798079E-01  -3.00573858360E-01  -9.15262120941E-02   1.63505042439E-01
   5.49663437536E-01   1.46846330300E-08  -9.34889722404E-01  -7.98136707716E-01
  -6.49807507785E-01  -4.86793177873E-01  -3.04531172811E-01  -9.53194359566E-02
   1.59760799792E-01   5.47393849267E-01   1.75724803219E-08  -9.35460038349E-01
  -7.99936635304E-01  -6.52850051056E-01  -4.90726496662E-01  -3.08494234482E-01
  -9.79072249360E-02   1.58936579489E-01   5.49372646413E-01   2.30462681033E-09
  -9.23426288762E-01  -7.63427135435E-01  -5.91347880479E-01  -4.03890262162E-01
  -1.95891881704E-01   4.16119755022E-02   3.27188255207E-01   7.18205993550E-01
   7.89187103794E-09  -9.34470140632E-01  -7.97097959352E-01  -6.48493288671E-01
  -4.85963483357E-01  -3.05443374859E-01  -9.75325357742E-02   1.59860947040E-01
   5.55920149813E-01   1.15181080313E-08  -9.34662915543E-01  -7.97466199825E-01
  -6.48759163215E-01  -4.85566694579E-01  -3.03595188516E-01  -9.49622996920E-02
   1.60083275764E-01   5.48021062435E-01   1.32726024796E-08  -9.34613221947E-01
  -7.97449446056E-01  -6.48864240491E-01  -4.85460675574E-01  -3.02671002031E-01
  -9.28116172012E-02   1.62551440016E-01   5.49020232841E-01   1.40663542779E-08
  -9.34506004311E-01  -7.97025784713E-01  -6.48012141411E-01  -4.84274817529E-01
  -3.01107012633E-01  -9.07324326093E-02   1.64899646364E-01   5.51019963323E-01
   1.48683734166E-08  -9.34777680914E-01  -7.97924265213E-01  -6.49604819606E-01
  -4.86372351091E-01  -3.03411903137E-01  -9.30092489144E-02   1.62613947331E-01
   5.49170560062E-01   1.63865562036E-08  -9.35107026735E-01  -7.99295642135E-01
  -6.52060444144E-01  -4.89880622923E-01  -3.07703916519E-01  -9.72868148320E-02
   1.58792662260E-01   5.46375305096E-01   1.92474899884E-08  -9.35124196444E-01
  -7.99647051815E-01  -6.53477370181E-01  -4.92501787312E-01  -3.11129124127E-01
  -1.00308542706E-01   1.57655709019E-01   5.47707544343E-01   3.66558450520E-09
  -9.26002006464E-01  -7.71757733411E-01  -6.06692116291E-01  -4.27346235605E-01
  -2.27750030194E-01   1.56584594607E-03   2.80679722291E-01   6.80003584208E-01
   8.89646035038E-09  -9.36093456959E-01  -8.01700139811E-01  -6.55466758074E-01
  -4.94316520349E-01  -3.13969449010E-01  -1.06852369643E-01   1.49083792074E-01
   5.46207154281E-01   1.32881345769E-08  -9.35260594589E-01  -7.99359276974E-01
  -6.51946404414E-01  -4.89536698811E-01  -3.07215963656E-01  -9.70518749084E-02
   1.58677705936E-01   5.46760213050E-01   1.52075332385E-08  -9.34684250292E-01
  -7.98286991516E-01  -6.50727169765E-01  -4.88299297110E-01  -3.05863995032E-01
  -9.50096034391E-02   1.61558309836E-01   5.48359269708E-01   1.60479147923E-08
  -9.34259330189E-01  -7.96998031200E-01  -6.49162967428E-01  -4.86616293385E-01
  -3.04056129049E-01  -9.29113161624E-02   1.64235759163E-01   5.50634812491E-01
   1.68506687910E-08  -9.34347186563E-01  -7.97398976514E-01  -6.50063611547E-01
  -4.88039478644E-01  -3.05919214734E-01  -9.49265587679E-02   1.62390167487E-01
   5.49080108339E-01   1.83458917164E-08  -9.34687462715E-01  -7.98334394887E-01
  -6.51839546059E-01  -4.91055946460E-01  -3.10043800590E-01  -9.96538929055E-02
   1.58119636795E-01   5.45877297768E-01   2.11831634331E-08  -9.34941379055E-01
  -7.98933568409E-01  -6.52540757763E-01  -4.92682637042E-01  -3.12912387639E-01
  -1.03150098759E-01   1.55852983654E-01   5.46554427062E-01   7.36801358790E-09
  -9.31815355602E-01  -7.88524005329E-01  -6.32991346338E-01  -4.62007522313E-01
  -2.70880732274E-01  -5.15986266257E-02   2.15751631927E-01   6.16877824340E-01
   1.18529217484E-08  -9.36601817879E-01  -8.03847394651E-01  -6.59606071162E-01
  -5.00082165127E-01  -3.19527110167E-01  -1.08776141883E-01   1.50125213328E-01
   5.46329312817E-01   1.72021364370E-08  -9.34777986049E-01  -7.98432018516E-01
  -6.51682269947E-01  -4.91571706645E-01  -3.11900707638E-01  -1.02365245330E-01
   1.56345112344E-01   5.45197108348E-01   1.93707418011E-08  -9.34169180619E-01
  -7.96626581315E-01  -6.48740138269E-01  -4.87675045618E-01  -3.07745423653E-01
  -9.86447858114E-02   1.60041749375E-01   5.47898985730E-01   2.02876628990E-08
  -9.33783399652E-01  -7.95397632045E-01  -6.46591039925E-01  -4.84744480972E-01
  -3.04719904606E-01  -9.54332176443E-02   1.63441988523E-01   5.50738672662E-01
   2.10954166060E-08  -9.33936043032E-01  -7.95877630898E-01  -6.47379636499E-01
  -4.85627961638E-01  -3.05765358822E-01  -9.69213329445E-02   1.61856601119E-01
   5.49607082524E-01   2.25595589487E-08  -9.34532088208E-01  -7.97595599123E-01
  -6.50057758947E-01  -4.89009931872E-01  -3.09909745408E-01  -1.02187528813E-01
   1.55802084288E-01   5.45692282540E-01   2.53618016118E-08  -9.34919734797E-01
  -7.98701008529E-01  -6.51750326628E-01  -4.91072260280E-01  -3.12156125482E-01
  -1.05013421939E-01   1.52980558222E-01   5.44365738489E-01   1.17836527791E-08
  -9.34496104369E-01  -7.97354965176E-01  -6.49336736713E-01  -4.86920767646E-01
  -3.03438433155E-01  -8.87792397588E-02   1.76424308932E-01   5.76900914785E-01
   1.57426764229E-08  -9.36035441802E-01  -8.01894719828E-01  -6.56681355777E-01
  -4.97332216961E-01  -3.18737506362E-01  -1.09923194492E-01   1.50838659400E-01
   5.47173518318E-01   2.16973274253E-08  -9.34677140911E-01  -7.98141143878E-01
  -6.51071097650E-01  -4.90223875264E-01  -3.11119825221E-01  -1.04237984873E-01
   1.53356748648E-01   5.44318174879E-01   2.40647614920E-08  -9.33752322050E-01
  -7.95568387367E-01  -6.47162333107E-01  -4.85109566263E-01  -3.04834268497E-01
  -9.79034519505E-02   1.58904772455E-01   5.48151344923E-01   2.50464604997E-08
  -9.33221372961E-01  -7.94047300589E-01  -6.44775955045E-01  -4.81990711614E-01
  -3.01075452678E-01  -9.36132243039E-02   1.63026059997E-01   5.51492846476E-01
   2.58616312644E-08  -9.33336742384E-01  -7.94351210048E-01  -6.45228421093E-01
  -4.82643090452E-01  -3.01892118375E-01  -9.46724926164E-02   1.61492477336E-01
   5.50502326451E-01   2.73051368520E-08  -9.33970032918E-01  -7.96127474158E-01
  -6.47980665231E-01  -4.86341451579E-01  -3.06309983522E-01  -9.94449736561E-02
   1.56317478684E-01   5.46224007702E-01   3.00848535860E-08  -9.34601127499E-01
  -7.97860269928E-01  -6.50635778181E-01  -4.89986193486E-01  -3.10625190789E-01
  -1.03951897840E-01   1.51249935921E-01   5.43190583700E-01   1.67441789579E-08
  -9.36386571084E-01  -8.02863918190E-01  -6.58065666567E-01  -4.98694311965E-01
  -3.19864793945E-01  -1.11867171591E-01   1.49594064263E-01   5.51797810890E-01
   2.04097953224E-08  -9.35133866405E-01  -7.99383364654E-01  -6.52964437551E-01
  -4.92602522453E-01  -3.13080311092E-01  -1.05811551009E-01   1.52445334427E-01
   5.48823833088E-01   2.67436670658E-08  -9.34366183234E-01  -7.97187137717E-01
  -6.49596409498E-01  -4.88712083758E-01  -3.09234025551E-01  -1.02380591962E-01
   1.52472170492E-01   5.43626269779E-01   2.92804989313E-08  -9.33285439676E-01
  -7.94005713492E-01  -6.44467487804E-01  -4.81940139973E-01  -3.01355558429E-01
  -9.39334168409E-02   1.60411075849E-01   5.48969741930E-01   3.03199099831E-08
  -9.32594912041E-01  -7.92089757496E-01  -6.41533126592E-01  -4.78024939472E-01
  -2.96588813299E-01  -8.85806395390E-02   1.65492460602E-01   5.52705469205E-01
   3.11440601886E-08  -9.32707277435E-01  -7.92306147296E-01  -6.41732214469E-01
  -4.78315341610E-01  -2.96943766385E-01  -8.88499952098E-02   1.65055142533E-01
   5.52162423354E-01   3.25744043641E-08  -9.33434721325E-01  -7.94552450012E-01
  -6.45457966214E-01  -4.83113855207E-01  -3.02915582168E-01  -9.55741358586E-02
   1.58397065079E-01   5.47010001719E-01   3.53379072949E-08  -9.34257420061E-01
  -7.96975401368E-01  -6.49323615957E-01  -4.88089793009E-01  -3.08579495897E-01
  -1.01753435714E-01   1.52413333283E-01   5.42629369757E-01   2.81865182162E-08
  -9.38957549875E-01  -8.10591453742E-01  -6.70943317133E-01  -5.16705609870E-01
  -3.42511352539E-01  -1.38781888602E-01   1.16811391613E-01   5.19707360601E-01
   3.16940212703E-08  -9.33384037251E-01  -7.94276362734E-01  -6.44848224867E-01
  -4.82056560426E-01  -3.00969330550E-01  -9.27588245644E-02   1.62529447890E-01
   5.52060444360E-01   3.83544432777E-08  -9.33712251706E-01  -7.95246375743E-01
  -6.46429447904E-01  -4.84448724704E-01  -3.04217122171E-01  -9.70012209928E-02
   1.56639547463E-01   5.43593171415E-01   4.12324329362E-08  -9.25848876056E-01
  -7.70777349825E-01  -6.13625731634E-01  -4.52143190854E-01  -2.73211148947E-01
  -6.85316686740E-02   1.80838520392E-01   5.58315188929E-01   4.23955105718E-08
  -9.27936342685E-01  -7.77785481028E-01  -6.20289826934E-01  -4.56076297251E-01
  -2.75000587307E-01  -6.83026150913E-02   1.82665681470E-01   5.60648513142E-01
   4.32354490143E-08  -9.27242338640E-01  -7.75547408711E-01  -6.16302191174E-01
  -4.52378459276E-01  -2.71668458429E-01  -6.56228312874E-02   1.84570948589E-01
   5.61544183170E-01   4.46681981763E-08  -9.27959595891E-01  -7.77417306426E-01
  -6.17669877330E-01  -4.54828216133E-01  -2.75822354709E-01  -7.10792606052E-02
   1.78538292965E-01   5.56478723174E-01   4.74292165704E-08  -9.33508625958E-01
  -7.94641133479E-01  -6.45439251261E-01  -4.83126690198E-01  -3.02890549657E-01
  -9.58863187529E-02   1.57932436284E-01   5.43923250955E-01   4.15976522878E-08
  -9.43828990254E-01  -8.25281574331E-01  -6.95376961119E-01  -5.50538331176E-01
  -3.85205081267E-01  -1.89021605809E-01   6.16537040135E-02   4.69504134476E-01
   4.54161401257E-08  -9.32293413613E-01  -7.91096202161E-01  -6.39798161734E-01
  -4.75601379394E-01  -2.93688679669E-01  -8.52917458938E-02   1.69040250321E-01
   5.53234637343E-01   5.20156849252E-08  -9.33973331798E-01  -7.96130465334E-01
  -6.46354523386E-01  -4.83082104149E-01  -3.01866877507E-01  -9.40456797667E-02
   1.59811415832E-01   5.44609851085E-01   5.52087270088E-08  -9.27563846789E-01
  -7.76639669253E-01  -6.14859810480E-01  -4.38776422225E-01  -2.46821876501E-01
  -4.33181129865E-02   2.01848013409E-01   5.69649539629E-01   5.65045840865E-08
  -9.27158342204E-01  -7.75887838416E-01  -6.14619729761E-01  -4.40217412450E-01
  -2.49498405573E-01  -4.31106793813E-02   2.04240913928E-01   5.72697087611E-01
   5.73666425762E-08  -9.27068341090E-01  -7.75612361046E-01  -6.14146684694E-01
  -4.39495310139E-01  -2.48136268344E-01  -4.17180960221E-02   2.05328603601E-01
   5.73250782098E-01   5.88214819769E-08  -9.28252628178E-01  -7.78828137435E-01
  -6.18794383240E-01  -4.44803728464E-01  -2.52684142957E-01  -4.67268136873E-02
   1.99236749327E-01   5.67989421106E-01   6.15719897417E-08  -9.35227304975E-01
  -8.00575841611E-01  -6.56085336672E-01  -4.92337180348E-01  -3.09222655267E-01
  -9.94978473439E-02   1.56407982020E-01   5.43265499055E-01   6.53873948412E-08
  -9.53406252576E-01  -8.54648239705E-01  -7.45734564229E-01  -6.23429279521E-01
  -4.82315240315E-01  -3.12197092336E-01  -8.87583231437E-02   3.05996600636E-01
   7.00415151559E-08  -9.30736634993E-01  -7.86733235520E-01  -6.32985714837E-01
  -4.66634353334E-01  -2.83063794626E-01  -7.39044408110E-02   1.79719404717E-01
   5.58752200251E-01   7.64178338064E-08  -9.30721731867E-01  -7.85368060174E-01
  -6.27857133147E-01  -4.54413527642E-01  -2.60362074945E-01  -5.70625124357E-02
   1.86026729315E-01   5.56012951685E-01   7.99948586576E-08  -9.27491877905E-01
  -7.77096473989E-01  -6.17096150850E-01  -4.44489212288E-01  -2.54366015297E-01
  -3.76153127017E-02   2.17659054169E-01   5.79577119243E-01   8.14688670790E-08
  -9.24818158769E-01  -7.69531736585E-01  -6.05382493460E-01  -4.29491506677E-01
  -2.37135701684E-01  -1.96714465300E-02   2.33803007930E-01   5.90536476511E-01
   8.23725965184E-08  -9.24761288380E-01  -7.69444962918E-01  -6.05411253744E-01
  -4.29821476515E-01  -2.38041959983E-01  -2.17356393745E-02   2.31647195691E-01
   5.89641570776E-01   8.38534286272E-08  -9.27024506532E-01  -7.75736842351E-01
  -6.14899560720E-01  -4.41492450011E-01  -2.50581417128E-01  -3.30238485408E-02
   2.23361493334E-01   5.83117102338E-01   8.66124972904E-08  -9.32043209321E-01
  -7.90994041885E-01  -6.40890403327E-01  -4.79106018384E-01  -3.01519518900E-01
  -9.68472593951E-02   1.60908660946E-01   5.47050316549E-01   9.35683443012E-08
  -9.55126023423E-01  -8.59973596510E-01  -7.54896215307E-01  -6.36787523259E-01
  -5.00106305014E-01  -3.34891226231E-01  -1.17233943162E-01   2.70906961840E-01
   9.92366757220E-08  -9.29716756707E-01  -7.83772422400E-01  -6.28279721660E-01
  -4.60446404565E-01  -2.75691406845E-01  -6.58228522563E-02   1.87685523259E-01
   5.63783057806E-01   1.05397225420E-07  -9.34244012923E-01  -7.96154960586E-01
  -6.46258798993E-01  -4.80841360505E-01  -2.93366043534E-01  -7.11331821355E-02
   1.92600640890E-01   5.56023081308E-01   1.09342079343E-07  -9.25963645478E-01
  -7.73050207419E-01  -6.11467296126E-01  -4.38467393771E-01  -2.49563574589E-01
  -3.68586611564E-02   2.18330475082E-01   5.85325501378E-01   1.10984625843E-07
  -9.21356557837E-01  -7.59943335750E-01  -5.90948033585E-01  -4.11813268210E-01
  -2.18185590643E-01  -1.97359320155E-03   2.55112816422E-01   6.08917528372E-01
   1.11938958345E-07  -9.20906936893E-01  -7.58787480462E-01  -5.89400515264E-01
  -4.10256846296E-01  -2.17113645843E-01  -2.13088135802E-03   2.52362945014E-01
   6.06839596214E-01   1.13440749920E-07  -9.24530754747E-01  -7.68851046138E-01
  -6.04628151931E-01  -4.29083044311E-01  -2.37661458891E-01  -2.22721808876E-02
   2.36508778050E-01   5.97993910485E-01   1.16229709131E-07  -9.29258677486E-01
  -7.82808727748E-01  -6.27550083074E-01  -4.60835815018E-01  -2.78463893623E-01
  -7.29813154186E-02   1.74955920639E-01   5.55749762963E-01   1.26159184902E-07
  -9.57340370217E-01  -8.66726693174E-01  -7.66247011387E-01  -6.52674798539E-01
  -5.20692694694E-01  -3.60096870125E-01  -1.46528101351E-01   2.41907727038E-01
   1.32913203544E-07  -9.30281794541E-01  -7.85356198097E-01  -6.30742202945E-01
  -4.63698799781E-01  -2.79590105337E-01  -7.00885433353E-02   1.83478810762E-01
   5.60669976931E-01   1.38914459650E-07  -9.37735065924E-01  -8.07083314785E-01
  -6.65477461587E-01  -5.09570660678E-01  -3.33665716454E-01  -1.26895244535E-01
   1.36922256280E-01   5.31309412825E-01   1.43225013232E-07  -9.23679521551E-01
  -7.66761812140E-01  -6.02081646775E-01  -4.27046861274E-01  -2.37463737618E-01
  -2.60416209985E-02   2.24448889980E-01   5.87511345534E-01   1.45042999319E-07
  -9.17025282409E-01  -7.48017290000E-01  -5.73047786982E-01  -3.89757410227E-01
  -1.94002283581E-01   2.17555565504E-02   2.74655498496E-01   6.26666221086E-01
   1.46059580625E-07  -9.15736342642E-01  -7.44576076629E-01  -5.68104403943E-01
  -3.84036649718E-01  -1.88323106896E-01   2.62967156041E-02   2.76144843472E-01
   6.24757298600E-01   1.47583578986E-07  -9.21098962376E-01  -7.59330618687E-01
  -5.90244445756E-01  -4.11351264635E-01  -2.18410829538E-01  -3.59248162489E-03
   2.50879251100E-01   6.11810018018E-01   1.50416164735E-07  -9.26470625698E-01
  -7.74775055898E-01  -6.14791533832E-01  -4.43930495253E-01  -2.57982452849E-01
  -4.95777762563E-02   1.97576294061E-01   5.67001614835E-01   1.63185079820E-07
  -9.57350165642E-01  -8.66665226679E-01  -7.66228160960E-01  -6.52793779760E-01
  -5.20995836294E-01  -3.60643679765E-01  -1.47412061939E-01   2.40714868258E-01
   1.71022425331E-07  -9.34465051358E-01  -7.97645473768E-01  -6.50661798618E-01
  -4.90605267377E-01  -3.12392975224E-01  -1.07114732625E-01   1.45317302256E-01
   5.31832591910E-01   1.76950606627E-07  -9.39531137992E-01  -8.12844267679E-01
  -6.75915702243E-01  -5.25685524263E-01  -3.56988447991E-01  -1.60108907144E-01
   8.71113897194E-02   4.82842733193E-01   1.81629701648E-07  -9.20139772704E-01
  -7.56947061662E-01  -5.87257038842E-01  -4.08795326177E-01  -2.17659859784E-01
  -6.81207687638E-03   2.39155608121E-01   5.92973710422E-01   1.83637689564E-07
  -9.11878450187E-01  -7.33990475166E-01  -5.52421306904E-01  -3.64511453524E-01
  -1.66326189580E-01   4.91793746054E-02   2.97942406185E-01   6.42503789857E-01
   1.84731301203E-07  -9.09119596483E-01  -7.26647755039E-01  -5.41840741160E-01
  -3.52024238897E-01  -1.53349014033E-01   6.09523361671E-02   3.05943694131E-01
   6.43115370350E-01   1.86279809694E-07  -9.16796743148E-01  -7.47457558570E-01
  -5.72374532333E-01  -3.89239074901E-01  -1.93959977238E-01   2.08009397353E-02
   2.71564047827E-01   6.25331916474E-01   1.89162821148E-07  -9.23453836054E-01
  -7.66213515883E-01  -6.01440631178E-01  -4.26619531596E-01  -2.37627770983E-01
  -2.74124451125E-02   2.20457917906E-01   5.80649514659E-01   2.04690552678E-07
  -9.54451399289E-01  -8.57946149107E-01  -7.51489734429E-01  -6.32005836377E-01
  -4.93939735233E-01  -3.27331866361E-01  -1.08468605968E-01   2.79519218388E-01
   2.13529006272E-07  -9.38765913274E-01  -8.10520130149E-01  -6.72014390239E-01
  -5.20269668091E-01  -3.50063738679E-01  -1.51786562453E-01   9.62568827609E-02
   4.90369827908E-01   2.19497006471E-07  -9.38868145752E-01  -8.10995086924E-01
  -6.73095263224E-01  -5.21928614784E-01  -3.52321401254E-01  -1.54699394002E-01
   9.26774303595E-02   4.86823312006E-01   2.24546075560E-07  -9.16045751652E-01
  -7.45615785363E-01  -5.70110333453E-01  -3.87384745070E-01  -1.93687575486E-01
   1.76315399433E-02   2.61035528825E-01   6.03529275617E-01   2.26761787776E-07
  -9.06059093381E-01  -7.18352852928E-01  -5.29516273310E-01  -3.36809313450E-01
  -1.36364970553E-01   7.85752451429E-02   3.22965206349E-01   6.57676855623E-01
   2.27951849223E-07  -9.00825327357E-01  -7.04607840840E-01  -5.09931492007E-01
  -3.13840866078E-01  -1.12402868577E-01   1.00914484779E-01   3.40086793141E-01
   6.63030760743E-01   2.29528099855E-07  -9.11519323299E-01  -7.33076279617E-01
  -5.51193248118E-01  -3.63244857790E-01  -1.65369414008E-01   4.93365836924E-02
   2.96356306490E-01   6.40094541332E-01   2.32468308164E-07  -9.20084614229E-01
  -7.56781515205E-01  -5.86956285906E-01  -4.08284132728E-01  -2.16774300523E-01
  -5.22678151342E-03   2.42217548140E-01   5.95506690874E-01   2.27127376784E-07
  -9.54182315816E-01  -8.57126084114E-01  -7.50099979079E-01  -6.30026560566E-01
  -4.91368138717E-01  -3.24174456140E-01  -1.04761131381E-01   2.83217484000E-01
   2.36423344756E-07  -9.39949940895E-01  -8.14196376664E-01  -6.78372634472E-01
  -5.29460440432E-01  -3.62277828130E-01  -1.67167972418E-01   7.78524055990E-02
   4.72409312409E-01   2.42461036871E-07  -9.37989039982E-01  -8.08421970810E-01
  -6.68948974336E-01  -5.16349055743E-01  -3.45436939917E-01  -1.46683744425E-01
   1.01249118664E-01   4.93994559303E-01   2.47693310422E-07  -9.13927424324E-01
  -7.39772438184E-01  -5.61303016583E-01  -3.76421605727E-01  -1.81406717679E-01
   3.02549904990E-02   2.72714974171E-01   6.10017734165E-01   2.50020221717E-07
  -9.02938878756E-01  -7.10046620656E-01  -5.17507830579E-01  -3.22450872887E-01
  -1.21003815432E-01   9.35002479042E-02   3.35569675618E-01   6.64954790322E-01
   2.51267193110E-07  -8.95931716348E-01  -6.91835330342E-01  -4.91782835967E-01
  -2.92456449236E-01  -8.98550522097E-02   1.22590177813E-01   3.58416847461E-01
   6.73489486974E-01   2.52858516794E-07  -9.08503585231E-01  -7.24938845019E-01
  -5.39225500019E-01  -3.48701135167E-01  -1.49563184616E-01   6.49484131796E-02
   3.09864182992E-01   6.47945080527E-01   2.55828610811E-07  -9.18237423146E-01
  -7.51661950991E-01  -5.79180635738E-01  -3.98511249870E-01  -2.05710026316E-01
   6.32428068603E-03   2.53236932229E-01   6.03132278517E-01   2.45898409620E-07
  -9.54874260980E-01  -8.59232080954E-01  -7.53644553860E-01  -6.35026216431E-01
  -4.97834851072E-01  -3.32078179466E-01  -1.13878562833E-01   2.74480903200E-01
   2.55523600830E-07  -9.41285163530E-01  -8.18368101652E-01  -6.85636590534E-01
  -5.39988395695E-01  -3.76313464431E-01  -1.85050499343E-01   5.59329461886E-02
   4.48973674397E-01   2.61643681695E-07  -9.36831460737E-01  -8.05035286385E-01
  -6.63491288584E-01  -5.09014502083E-01  -3.36544076696E-01  -1.36728930922E-01
   1.11751224948E-01   5.02412200060E-01   2.67021661393E-07  -9.12208297933E-01
  -7.35080072448E-01  -5.54513471051E-01  -3.68001989042E-01  -1.71931719523E-01
   4.00642116122E-02   2.81909996783E-01   6.15748178102E-01   2.69440541487E-07
  -9.00350119753E-01  -7.03225004649E-01  -5.07728985448E-01  -3.10852936888E-01
  -1.08658669809E-01   1.05448346116E-01   3.45647871923E-01   6.70694053236E-01
   2.70737841836E-07  -8.91588800128E-01  -6.80643383295E-01  -4.76070504694E-01
  -2.74239405967E-01  -7.08350890979E-02   1.40712250042E-01   3.73594402100E-01
   6.82113933209E-01   2.72341915871E-07  -9.05871415419E-01  -7.17886327076E-01
  -5.28955874065E-01  -3.36320260878E-01  -1.36172183368E-01   7.81324327712E-02
   3.21258611873E-01   6.54561588077E-01   2.75336910970E-07  -9.16652058702E-01
  -7.47290924148E-01  -5.72806534757E-01  -3.90582865771E-01  -1.96754466757E-01
   1.56036097986E-02   2.61962301400E-01   6.09122972147E-01   2.65404110051E-07
  -9.55993552533E-01  -8.62665705237E-01  -7.59468839918E-01  -6.43159119732E-01
  -5.08466887283E-01  -3.45262694430E-01  -1.29472059141E-01   2.58691980488E-01
   2.75317858817E-07  -9.42801040839E-01  -8.23062905294E-01  -6.93759831475E-01
  -5.51736112565E-01  -3.91946012564E-01  -2.04914015924E-01   3.15221632299E-02
   4.22066941088E-01   2.81544115302E-07  -9.35268485934E-01  -8.00479462299E-01
  -6.56170708940E-01  -4.99189426254E-01  -3.24554963491E-01  -1.23109609416E-01
   1.25992412684E-01   5.13699909361E-01   2.87067482499E-07  -9.10580971038E-01
  -7.30633620963E-01  -5.47663339047E-01  -3.59573325289E-01  -1.62606167102E-01
   4.96119654656E-02   2.90841423661E-01   6.21603444735E-01   2.89582665845E-07
  -8.97724237472E-01  -6.96392328443E-01  -4.97915127644E-01  -2.99310094235E-01
  -9.64763580025E-02   1.17135942154E-01   3.55422150923E-01   6.76071914021E-01
   2.90935471844E-07  -8.86856804341E-01  -6.68517601002E-01  -4.59125747079E-01
  -2.54837966234E-01  -5.08515296130E-02   1.59514877918E-01   3.89172230700E-01
   6.90798972769E-01   2.92552920443E-07  -9.03034613749E-01  -7.10340884599E-01
  -5.18030980574E-01  -3.23252247948E-01  -1.22136997798E-01   9.18693394581E-02
   3.32992940068E-01   6.61260612579E-01   2.95572988339E-07  -9.15006584932E-01
  -7.42774998071E-01  -5.65832916800E-01  -3.81958734865E-01  -1.87195719665E-01
   2.53695355467E-02   2.70968609309E-01   6.15176509763E-01   2.75440259166E-07
  -9.56599811642E-01  -8.64532341005E-01  -7.62671653402E-01  -6.47804928374E-01
  -5.14649674573E-01  -3.53108904676E-01  -1.39020470517E-01   2.48398583049E-01
   2.85477991784E-07  -9.43494315976E-01  -8.25185533414E-01  -6.97396210733E-01
  -5.57034782530E-01  -3.99100537896E-01  -2.14117325941E-01   1.99608594498E-02
   4.08392455750E-01   2.91767834808E-07  -9.34283168344E-01  -7.97607396423E-01
  -6.51562114397E-01  -4.93050510182E-01  -3.17136676320E-01  -1.14787295727E-01
   1.34622618637E-01   5.20687519735E-01   2.97360950106E-07  -9.09759392519E-01
  -7.28419999605E-01  -5.44613633661E-01  -3.55798630437E-01  -1.58364332003E-01
   5.39870976862E-02   2.94963530292E-01   6.24390384571E-01   2.99925111868E-07
  -8.96394580158E-01  -6.92894689108E-01  -4.93012907270E-01  -2.93561998537E-01
  -9.04360133140E-02   1.22909608430E-01   3.60234823457E-01   6.78778018843E-01
   3.01307098377E-07  -8.84301752975E-01  -6.62062366648E-01  -4.50263537887E-01
  -2.44728703099E-01  -4.05211046624E-02   1.69145769609E-01   3.97056449142E-01
   6.95304516645E-01   3.02931387100E-07  -9.01542329143E-01  -7.06392149798E-01
  -5.12353844552E-01  -3.16483123164E-01  -1.14910630676E-01   9.88972290415E-02
   3.39015461756E-01   6.64765186551E-01   3.05964765385E-07  -9.14124648788E-01
  -7.40374932859E-01  -5.62475640403E-01  -3.77801091720E-01  -1.82528399789E-01
   3.01539447450E-02   2.75400688196E-01   6.18120864153E-01   2.94304648726E-07
  -9.57713042734E-01  -8.67862941532E-01  -7.68445896330E-01  -6.56269531923E-01
  -5.26030217839E-01  -3.67652062653E-01  -1.56981543122E-01   2.28407509737E-01
   3.04557474828E-07  -9.44710697217E-01  -8.28941880067E-01  -7.03880962319E-01
  -5.66442230246E-01  -4.11707807633E-01  -2.30425541384E-01  -6.35472958152E-04
   3.83038952191E-01   3.10978563084E-07  -9.32032952086E-01  -7.91065026753E-01
  -6.41068018909E-01  -4.79020854323E-01  -3.00125608279E-01  -9.56453765047E-02
   1.54314352085E-01   5.35737837482E-01   3.16696580771E-07  -9.08372316955E-01
  -7.24681566125E-01  -5.39080445917E-01  -3.49017276746E-01  -1.50880465153E-01
   6.16378496239E-02   3.02189837330E-01   6.29608884522E-01   3.19354406023E-07
  -8.93969660713E-01  -6.86550755007E-01  -4.83857107596E-01  -2.82938112455E-01
  -7.93751505125E-02   1.33402412859E-01   3.68941058668E-01   6.83502702848E-01
   3.20793714516E-07  -8.79325133144E-01  -6.49649631564E-01  -4.33421002345E-01
  -2.25740448078E-01  -2.11926351757E-02   1.87080027741E-01   4.11780082221E-01
   7.03396133435E-01   3.22431097568E-07  -8.98659276129E-01  -6.98849032630E-01
  -5.01495466848E-01  -3.03644135032E-01  -1.01284475844E-01   1.12078540714E-01
   3.50235179922E-01   6.71138900274E-01   3.25488128354E-07  -9.12467372008E-01
  -7.35876493515E-01  -5.55788847901E-01  -3.69593024060E-01  -1.73468212771E-01
   3.93477464961E-02   2.83790823569E-01   6.23630961168E-01   3.30164314775E-07
  -9.59618764282E-01  -8.73774551134E-01  -7.78697449772E-01  -6.71284075716E-01
  -5.46351619063E-01  -3.94025726049E-01  -1.90387800804E-01   1.88093785808E-01
   3.40763296570E-07  -9.46435845277E-01  -8.34230054050E-01  -7.12936807054E-01
  -5.79521000646E-01  -4.29148521429E-01  -2.52681210153E-01  -2.84240992636E-02
   3.48964795644E-01   3.47464854515E-07  -9.24702280644E-01  -7.69855849796E-01
  -6.07241089597E-01  -4.34180703162E-01  -2.46347206764E-01  -3.61677881974E-02
   2.14077928592E-01   5.79667680244E-01   3.53393711149E-07  -9.06153855704E-01
  -7.18752134840E-01  -5.30435146524E-01  -3.38553756739E-01  -1.39433624227E-01
   7.32692388305E-02   3.13238994227E-01   6.38378447460E-01   3.56233474252E-07
  -8.89523185495E-01  -6.75113877303E-01  -4.67898315623E-01  -2.64484022648E-01
  -6.02411081408E-02   1.51460805484E-01   3.83810246500E-01   6.91380878186E-01
   3.57788801257E-07  -8.69129874424E-01  -6.24721218594E-01  -4.00260418660E-01
  -1.88954990248E-01   1.56209767139E-02   2.20762392735E-01   4.39074760369E-01
   7.18337801133E-01   3.59451372276E-07  -8.92916282373E-01  -6.83847867935E-01
  -4.80114926137E-01  -2.78682570424E-01  -7.51069278461E-02   1.37144128869E-01
   3.71388447889E-01   6.83217618342E-01   3.62552511847E-07  -9.09226034197E-01
  -7.27134655563E-01  -5.42920576794E-01  -3.53912779489E-01  -1.56306053139E-01
   5.65582237331E-02   2.99270938099E-01   6.33695165251E-01   3.87673685864E-07
  -9.61880343092E-01  -8.80788052619E-01  -7.90865349823E-01  -6.89125931046E-01
  -5.70575364760E-01  -4.25633269932E-01  -2.30878431216E-01   1.35991611989E-01
   3.98768062135E-07  -9.48260827169E-01  -8.39692772348E-01  -7.21998061677E-01
  -5.92264364496E-01  -4.45656961511E-01  -2.72774506110E-01  -5.16920975290E-02
   3.25854215219E-01   4.05964053433E-07  -9.11495691410E-01  -7.32237933602E-01
  -5.48411252440E-01  -3.58043740111E-01  -1.57595535085E-01   5.91169522821E-02
   3.05954568205E-01   6.42522163923E-01   4.12154856811E-07  -9.04008288234E-01
  -7.13214778954E-01  -5.22708423082E-01  -3.29601638704E-01  -1.30013814521E-01
   8.25795158779E-02   3.22181132684E-01   6.47972986767E-01   4.15306848335E-07
  -8.83011757189E-01  -6.58623411724E-01  -4.45255106349E-01  -2.38643961010E-01
  -3.37427326477E-02   1.76126216342E-01   4.03791855458E-01   7.01536120264E-01
   4.17066121843E-07  -8.50478416889E-01  -5.80932572119E-01  -3.43888508240E-01
  -1.28204135434E-01   7.48545919026E-02   2.73741965396E-01   4.81164459393E-01
   7.40892799688E-01   4.18770803772E-07  -8.82817625147E-01  -6.58136466764E-01
  -4.44594786248E-01  -2.37902244564E-01  -3.29757265678E-02   1.76834992997E-01
   4.04365416080E-01   7.01793371492E-01   4.21940030537E-07  -9.03707041627E-01
  -7.12426555524E-01  -5.21597371167E-01  -3.28298093479E-01  -1.28639317767E-01
   8.39079842287E-02   3.23352275268E-01   6.48853252359E-01                 265
   1.30788500000E-09   1.46478000000E-09   1.90074100000E-09   3.64458700000E-09
   3.95837700000E-09   4.95247200000E-09   5.23153800000E-09   5.26626100000E-09
   5.42315600000E-09   5.85911700000E-09   7.60296300000E-09   8.44016300000E-09
   8.91084700000E-09   9.18991400000E-09   9.38153100000E-09   9.81749300000E-09
   1.06199800000E-08   1.15613500000E-08   1.17709700000E-08   1.18751400000E-08
   1.23985500000E-08   1.28692300000E-08   1.31830200000E-08   1.45783500000E-08
   1.57293400000E-08   1.58335100000E-08   1.58515200000E-08   1.63569200000E-08
   1.71066700000E-08   1.71414000000E-08   1.72982900000E-08   1.77342500000E-08
   1.85367300000E-08   1.89032500000E-08   1.94781000000E-08   1.98098900000E-08
   2.07859800000E-08   2.09261600000E-08   2.10650500000E-08   2.12566700000E-08
   2.16926300000E-08   2.28616200000E-08   2.34364700000E-08   2.36461000000E-08
   2.37682700000E-08   2.42736700000E-08   2.47443600000E-08   2.48845300000E-08
   2.52150400000E-08   2.56510000000E-08   2.58786300000E-08   2.64534800000E-08
   2.68200000000E-08   2.73948500000E-08   2.76044700000E-08   2.77086400000E-08
   2.82320500000E-08   2.87027300000E-08   2.90165200000E-08   2.98022800000E-08
   2.98370100000E-08   3.04118600000E-08   3.16850200000E-08   3.21904300000E-08
   3.26971200000E-08   3.28012900000E-08   3.29401800000E-08   3.31317900000E-08
   3.35677600000E-08   3.37606600000E-08   3.37953800000E-08   3.43702300000E-08
   3.47367500000E-08   3.53116000000E-08   3.56253900000E-08   3.56434000000E-08
   3.66194900000E-08   3.66554900000E-08   3.67596600000E-08   3.69332800000E-08
   3.70901700000E-08   3.75261300000E-08   3.77190300000E-08   3.86951300000E-08
   3.92699800000E-08   3.94796000000E-08   3.96017700000E-08   4.01071800000E-08
   4.05778600000E-08   4.08569300000E-08   4.10485500000E-08   4.14845100000E-08
   4.17121300000E-08   4.22869800000E-08   4.26535000000E-08   4.32283500000E-08
   4.33170900000E-08   4.40655500000E-08   4.45362400000E-08   4.45722500000E-08
   4.56357900000E-08   4.56705100000E-08   4.62453600000E-08   4.70838500000E-08
   4.72754600000E-08   4.73963500000E-08   4.75005200000E-08   4.75185200000E-08
   4.80239300000E-08   4.85306200000E-08   4.86347900000E-08   4.88084000000E-08
   4.89653000000E-08   4.94012600000E-08   4.95941600000E-08   4.96288800000E-08
   5.10422200000E-08   5.37801600000E-08   5.65515400000E-08   5.77385400000E-08
   5.83133900000E-08   5.89589700000E-08   6.16969100000E-08   6.34060400000E-08
   6.69786100000E-08   6.70673400000E-08   6.73644100000E-08   6.80447200000E-08
   7.16545800000E-08   7.35720400000E-08   7.52811600000E-08   7.59614700000E-08
   7.95713300000E-08   8.21523800000E-08   8.61107500000E-08   8.76629800000E-08
   9.11146700000E-08   9.14464600000E-08   9.40275100000E-08   9.55797300000E-08
   9.95381100000E-08   1.00061600000E-07   1.03514600000E-07   1.07473000000E-07
   1.09861100000E-07   1.11413300000E-07   1.11936700000E-07   1.15389700000E-07
   1.17813900000E-07   1.21772200000E-07   1.23167600000E-07   1.27492500000E-07
   1.31084300000E-07   1.31205200000E-07   1.31223200000E-07   1.33647400000E-07
   1.35042700000E-07   1.39001100000E-07   1.39367600000E-07   1.42663700000E-07
   1.46622000000E-07   1.48889300000E-07   1.53439200000E-07   1.54834600000E-07
   1.55201100000E-07   1.58497200000E-07   1.60764400000E-07   1.64722800000E-07
   1.65961200000E-07   1.70129200000E-07   1.73878000000E-07   1.74087600000E-07
   1.77226800000E-07   1.78289000000E-07   1.80556300000E-07   1.81794700000E-07
   1.85753100000E-07   1.85962700000E-07   1.89101900000E-07   1.93060300000E-07
   1.95170600000E-07   2.00210600000E-07   2.03087400000E-07   2.04168900000E-07
   2.04306600000E-07   2.05545000000E-07   2.05754600000E-07   2.08893800000E-07
   2.11004200000E-07   2.14962500000E-07   2.16044100000E-07   2.20055200000E-07
   2.23960800000E-07   2.24013500000E-07   2.26995800000E-07   2.32644000000E-07
   2.34754400000E-07   2.35836000000E-07   2.39794300000E-07   2.39847100000E-07
   2.42829300000E-07   2.46787700000E-07   2.48741200000E-07   2.53624200000E-07
   2.56657900000E-07   2.57582600000E-07   2.61436800000E-07   2.62463000000E-07
   2.63544600000E-07   2.63597300000E-07   2.66579600000E-07   2.68533100000E-07
   2.72491400000E-07   2.73416100000E-07   2.77270300000E-07   2.81228700000E-07
   2.84054100000E-07   2.89809000000E-07   2.91970800000E-07   2.93767400000E-07
   2.94288200000E-07   2.96241700000E-07   2.97166300000E-07   3.01020500000E-07
   3.03845900000E-07   3.07804300000E-07   3.09600900000E-07   3.14327000000E-07
   3.17517600000E-07   3.18285400000E-07   3.21982700000E-07   3.27908700000E-07
   3.28729200000E-07   3.31554600000E-07   3.33351100000E-07   3.37309500000E-07
   3.38077300000E-07   3.41774600000E-07   3.45733000000E-07   3.48401500000E-07
   3.53999500000E-07   3.56318200000E-07   3.57957900000E-07   3.62527100000E-07
   3.63221600000E-07   3.65018100000E-07   3.65785900000E-07   3.69483200000E-07
   3.72151700000E-07   3.76110100000E-07   3.77749800000E-07   3.82319000000E-07
   3.85666500000E-07   3.86277400000E-07   3.89817800000E-07   3.96287800000E-07
   3.97734500000E-07   4.00246100000E-07   4.00643500000E-07   4.01150200000E-07
   4.03818700000E-07   4.05458400000E-07   4.09416800000E-07   4.10027600000E-07
   4.13568000000E-07   5.88585132357E-10   7.78914635316E-10   1.64315695138E-08
   2.62604083137E-08   3.73988290219E-08   3.97224902693E-08   4.18805490737E-08
   4.35913595698E-08   4.36875184460E-08   5.23539876165E-08   5.89691968680E-08
   6.20974526923E-08   6.37814101648E-08   7.32783065053E-08   7.34204526425E-08
   8.64370273768E-08   8.95209727303E-08   9.99506223513E-08   1.01221702108E-07
   1.07298599354E-07   1.09807596894E-07   1.12531905989E-07   1.13553696112E-07
   1.16112402920E-07   1.22525801662E-07   1.27641698363E-07   1.29077706793E-07
   1.33324600643E-07   1.39902298901E-07   1.40773301824E-07   1.40872205361E-07
   1.50024093804E-07   1.54435707435E-07   1.58123001988E-07   1.65716090830E-07
   1.66964805241E-07   1.68990391548E-07   1.69164294261E-07   1.74926408095E-07
   1.74969793948E-07   1.78991703755E-07   1.82251097157E-07   1.85615694013E-07
   1.90558599527E-07   1.92774811821E-07   1.96069210099E-07   1.96971588622E-07
   1.97901491108E-07   1.97978912365E-07   2.05169805661E-07   2.08657297521E-07
   2.12147095359E-07   2.17997599860E-07   2.24047904090E-07   2.28495006664E-07
   2.35599888138E-07   2.37084709766E-07   2.38713601944E-07   2.39943697349E-07
   2.40022705348E-07   2.43180105211E-07   2.44762008950E-07   2.46575899087E-07
   2.49279213354E-07   2.50328202504E-07   2.51093612540E-07   2.59559197509E-07
   2.59591086620E-07   2.62561110794E-07   2.62633289518E-07   2.68401116805E-07
   2.71294192757E-07   2.76152090935E-07   2.78670001496E-07   2.81630606830E-07
   2.82461790601E-07   2.83143214982E-07   2.88921687897E-07   2.89624582384E-07
   2.90139685425E-07   2.90198385982E-07   2.95659597156E-07   2.95792482384E-07
   2.98036198566E-07   3.02678201058E-07   3.09510115141E-07   3.11043310872E-07
   3.12187591221E-07   3.13446114242E-07   3.17037601435E-07   3.17091797991E-07
   3.22140993007E-07   3.27047000250E-07   3.28279280760E-07   3.32428199069E-07
   3.36729091144E-07   3.39213619399E-07   3.41335980593E-07   3.42503815980E-07
   3.47455709598E-07   3.47569797817E-07   3.49848711661E-07   3.52139779520E-07
   3.52200004807E-07   3.54511819598E-07   3.57457915912E-07   3.59813113964E-07
   3.60474494831E-07   3.62450814793E-07   3.71051386355E-07   3.72173985596E-07
   3.72585608151E-07   3.72632494350E-07   3.77004875869E-07   3.77058100022E-07
   3.81308313043E-07   4.00143288875E-07   4.08329521851E-07   4.20048326070E-07
   4.23681191607E-07   4.26847425387E-07   4.49173193925E-07   4.62106030692E-07
   4.77846812440E-07   4.82220205235E-07   4.85589875024E-07   4.86248975889E-07
   5.06030074476E-07   5.13667823045E-07   5.26302591039E-07   5.28756499237E-07
   5.40893522126E-07   5.56273221614E-07   5.79587423319E-07   5.89634491218E-07
   6.09205025549E-07   6.09444068995E-07   6.20129811396E-07   6.27553517811E-07
   6.44554430200E-07   6.48838771883E-07   6.59751156520E-07   6.77833165059E-07
   6.88515457092E-07   6.96736349672E-07   7.00373639738E-07   7.09412268654E-07
   7.23789739750E-07   7.37296233588E-07   7.48148791476E-07   7.59324558972E-07
   7.70311342402E-07   7.71728404692E-07   7.72620844954E-07   7.79054685714E-07
   7.85246501527E-07   7.98734761964E-07   8.03060924108E-07   8.10895050164E-07
   8.26785503140E-07   8.36759584374E-07   8.46478401729E-07   8.50797654998E-07
   8.53332963423E-07   8.63993194020E-07   8.70958756206E-07   8.80029470061E-07
   8.82408673727E-07   8.94658160240E-07   9.03354067710E-07   9.04829466204E-07
   9.12897791552E-07   9.17374476943E-07   9.23952076792E-07   9.25490426964E-07
   9.36670286134E-07   9.38414816286E-07   9.45045890720E-07   9.52128633806E-07
   9.59137084621E-07   9.69497464582E-07   9.77089993497E-07   9.77239103284E-07
   9.77927993051E-07   9.79463002154E-07   9.82272011970E-07   9.88855373072E-07
   9.93451076120E-07   1.00000608594E-06   1.00094902041E-06   1.01276008164E-06
   1.01613789428E-06   1.01661003011E-06   1.02433309064E-06   1.03249993012E-06
   1.03819199623E-06   1.03861191945E-06   1.04693802887E-06   1.04775193895E-06
   1.05348209626E-06   1.05727901503E-06   1.06002597387E-06   1.06836111463E-06
   1.07216003724E-06   1.07332896496E-06   1.07951090340E-06   1.08099097213E-06
   1.08184387753E-06   1.08249890272E-06   1.08659209135E-06   1.08809688700E-06
   1.09366791449E-06   1.09514211913E-06   1.10156913287E-06   1.10600488602E-06
   1.10935807200E-06   1.11726203802E-06   1.11843900745E-06   1.12014305449E-06
   1.12095088827E-06   1.12259588775E-06   1.12410305401E-06   1.12979685314E-06
   1.13176814631E-06   1.13590085486E-06   1.13754496421E-06   1.14297500499E-06
   1.14457304981E-06   1.14528185547E-06   1.14872288228E-06   1.15418787995E-06
   1.15517086843E-06   1.15821290528E-06   1.16040098189E-06   1.16397803672E-06
   1.16462007791E-06   1.16639812619E-06   1.17100112195E-06   1.17255485243E-06
   1.17590209670E-06   1.17719206130E-06   1.17842802218E-06   1.18123708682E-06
   1.18157805154E-06   1.18293102634E-06   1.18396686887E-06   1.18641595886E-06
   1.18820993838E-06   1.19123302969E-06   1.19246685091E-06   1.19540095234E-06
   1.19737187725E-06   1.19785199535E-06   1.19917617049E-06   1.20326580615E-06
   1.20376104727E-06   1.20510411397E-06   1.20546080373E-06   1.20595496396E-06
   1.20693900214E-06   1.20769008680E-06   1.20990002935E-06   1.21017219178E-06
   1.21128508468E-06   1.21396393382E-06
