mcnp    6         09/12/17 12:34:38    2          100000    973758920666
 -Untitled-                                                                     
ntal     8
    4   14   24   64   74   84   94  116
tally    4   -1    0
 1 0 0 0 0 0 0 0 0 0 0 0 0 0 0 0 0 0 0 0 0 0 0 0 0 0 0 0 0 0 0 0 0 0 0 0 0
     Energy spectrum of neutrons in He-II                                       
f        1
     14
d        1
u        0
s        0
m        0
c        0   0
et     142   0
  1.00001E-11  1.25893E-11  1.58489E-11  1.99526E-11  2.51189E-11  3.16228E-11
  3.98107E-11  5.01187E-11  6.30957E-11  7.94328E-11  1.00000E-10  1.25893E-10
  1.58489E-10  1.99526E-10  2.51189E-10  3.16228E-10  3.98107E-10  5.01187E-10
  6.30957E-10  7.94328E-10  1.00000E-09  1.25893E-09  1.58489E-09  1.99526E-09
  2.51189E-09  3.16228E-09  3.98107E-09  5.01187E-09  6.30957E-09  7.94328E-09
  1.00000E-08  1.25893E-08  1.58489E-08  1.99526E-08  2.51189E-08  3.16228E-08
  3.98107E-08  5.01187E-08  6.30957E-08  7.94328E-08  1.00000E-07  1.25893E-07
  1.58489E-07  1.99526E-07  2.51189E-07  3.16228E-07  3.98107E-07  5.01187E-07
  6.30957E-07  7.94328E-07  1.00000E-06  1.25893E-06  1.58489E-06  1.99526E-06
  2.51189E-06  3.16228E-06  3.98107E-06  5.01187E-06  6.30957E-06  7.94328E-06
  1.00000E-05  1.25893E-05  1.58489E-05  1.99526E-05  2.51189E-05  3.16228E-05
  3.98107E-05  5.01187E-05  6.30957E-05  7.94328E-05  1.00000E-04  1.25893E-04
  1.58489E-04  1.99526E-04  2.51189E-04  3.16228E-04  3.98107E-04  5.01187E-04
  6.30957E-04  7.94328E-04  1.00000E-03  1.25893E-03  1.58489E-03  1.99526E-03
  2.51189E-03  3.16228E-03  3.98107E-03  5.01187E-03  6.30957E-03  7.94328E-03
  1.00000E-02  1.25893E-02  1.58489E-02  1.99526E-02  2.51189E-02  3.16228E-02
  3.98107E-02  5.01187E-02  6.30957E-02  7.94328E-02  1.00000E-01  1.25893E-01
  1.58489E-01  1.99526E-01  2.51189E-01  3.16228E-01  3.98107E-01  5.01187E-01
  6.30957E-01  7.94328E-01  1.00000E+00  1.25893E+00  1.58489E+00  1.99526E+00
  2.51189E+00  3.16228E+00  3.98107E+00  5.01187E+00  6.30957E+00  7.94328E+00
  1.00000E+01  1.25893E+01  1.58489E+01  1.99526E+01  2.51189E+01  3.16228E+01
  3.98107E+01  5.01187E+01  6.30957E+01  7.94328E+01  1.00000E+02  1.25893E+02
  1.58489E+02  1.99526E+02  2.51189E+02  3.16228E+02  3.98107E+02  5.01187E+02
  6.30957E+02  7.94328E+02  8.00000E+02
t        0   0
vals
  6.71592E-08 0.2762  2.51722E-08 0.4623  4.87967E-08 0.3624  9.24297E-08 0.2798
  9.03970E-08 0.2370  1.22629E-07 0.1919  2.67733E-07 0.1496  4.37797E-07 0.1329
  7.06415E-07 0.0969  1.17085E-06 0.0785  1.50168E-06 0.0676  2.58710E-06 0.0521
  3.68847E-06 0.0426  6.00729E-06 0.0344  9.04153E-06 0.0282  1.33052E-05 0.0236
  1.93007E-05 0.0194  2.93150E-05 0.0160  4.37191E-05 0.0132  6.28191E-05 0.0110
  8.91070E-05 0.0096  1.27162E-04 0.0087  1.77116E-04 0.0080  2.32358E-04 0.0075
  2.85699E-04 0.0073  3.22891E-04 0.0072  3.34697E-04 0.0072  3.16279E-04 0.0071
  2.75412E-04 0.0074  2.16596E-04 0.0077  1.62552E-04 0.0083  1.25461E-04 0.0091
  1.05139E-04 0.0094  9.81826E-05 0.0096  9.87683E-05 0.0094  9.48550E-05 0.0098
  9.21056E-05 0.0098  7.73435E-05 0.0107  6.36133E-05 0.0118  4.65297E-05 0.0142
  3.33995E-05 0.0170  2.54531E-05 0.0200  1.95315E-05 0.0231  1.64781E-05 0.0254
  1.49753E-05 0.0266  1.35960E-05 0.0281  1.34970E-05 0.0278  1.36069E-05 0.0278
  1.40735E-05 0.0279  1.27578E-05 0.0286  1.29727E-05 0.0288  1.34209E-05 0.0283
  1.34972E-05 0.0287  1.37867E-05 0.0281  1.27901E-05 0.0288  1.32288E-05 0.0285
  1.28733E-05 0.0288  1.27849E-05 0.0286  1.31070E-05 0.0287  1.23224E-05 0.0293
  1.27750E-05 0.0289  1.24444E-05 0.0299  1.24086E-05 0.0293  1.17841E-05 0.0301
  1.17559E-05 0.0303  1.19721E-05 0.0298  1.18530E-05 0.0301  1.21729E-05 0.0299
  1.22986E-05 0.0295  1.19563E-05 0.0302  1.11182E-05 0.0314  1.13885E-05 0.0309
  1.13872E-05 0.0308  1.08436E-05 0.0317  1.12627E-05 0.0314  1.10698E-05 0.0316
  1.09115E-05 0.0317  1.05139E-05 0.0327  9.75331E-06 0.0336  9.62526E-06 0.0334
  9.55766E-06 0.0337  9.52074E-06 0.0337  9.19727E-06 0.0345  9.75811E-06 0.0338
  8.96520E-06 0.0352  8.71348E-06 0.0357  8.45044E-06 0.0359  7.99492E-06 0.0372
  7.87801E-06 0.0368  7.59949E-06 0.0382  7.59924E-06 0.0385  7.15076E-06 0.0398
  6.33916E-06 0.0411  6.40477E-06 0.0411  6.07674E-06 0.0428  6.97948E-06 0.0403
  4.62881E-06 0.0511  5.06638E-06 0.0467  4.59303E-06 0.0488  5.34432E-06 0.0464
  3.24975E-06 0.0598  3.87698E-06 0.0537  3.73721E-06 0.0561  3.39700E-06 0.0577
  2.94162E-06 0.0600  3.31215E-06 0.0565  2.81740E-06 0.0618  2.44408E-06 0.0627
  2.05883E-06 0.0669  1.83914E-06 0.0672  1.28601E-06 0.0748  1.33289E-06 0.0705
  1.52102E-06 0.0688  1.40042E-06 0.0744  1.80679E-06 0.0710  1.27821E-06 0.0828
  1.44949E-06 0.0812  1.26004E-06 0.0848  1.17376E-06 0.0938  9.75641E-07 0.1069
  8.59392E-07 0.1112  9.48650E-07 0.1084  1.01886E-06 0.1022  7.29924E-07 0.1237
  8.03757E-07 0.1213  7.88942E-07 0.1242  7.36228E-07 0.1263  8.07980E-07 0.1222
  6.63038E-07 0.1369  5.65302E-07 0.1481  4.46937E-07 0.1656  3.35896E-07 0.1912
  2.65569E-07 0.2136  1.27767E-07 0.3170  2.03257E-08 0.5705  1.20839E-08 0.5857
  0.00000E+00 0.0000  0.00000E+00 0.0000  0.00000E+00 0.0000  0.00000E+00 0.0000
  0.00000E+00 0.0000  4.27372E-03 0.0054
tfc    1       1       1       1       1       1       1     142       1
       1000  4.53565E-03  3.89703E-02  2.85346E+01
tally   14   -1    0
 1 0 0 0 0 0 0 0 0 0 0 0 0 0 0 0 0 0 0 0 0 0 0 0 0 0 0 0 0 0 0 0 0 0 0 0 0
     UCN Production Tally 1 in He-II                                            
f        1
     14
d        1
u        0
s        0
m        0
c        0   0
e        0   0
t        0   0
vals
  1.68694E-07 0.0070
tfc    1       1       1       1       1       1       1       1       1
       1000  1.88919E-07  6.14079E-02  1.14918E+01
tally   24   -1    0
 1 0 0 0 0 0 0 0 0 0 0 0 0 0 0 0 0 0 0 0 0 0 0 0 0 0 0 0 0 0 0 0 0 0 0 0 0
     UCN Production Tally 2 in He-II                                            
f        1
     14
d        1
u        0
s        0
m        0
c        0   0
e        0   0
t        0   0
vals
  1.74847E-07 0.0069
tfc    1       1       1       1       1       1       1       1       1
       1000  2.05909E-07  5.86094E-02  1.26155E+01
tally   64   -1    0
 1 0 0 0 0 0 0 0 0 0 0 0 0 0 0 0 0 0 0 0 0 0 0 0 0 0 0 0 0 0 0 0 0 0 0 0 0
     UCN Production Tally 1 in He-II - one phonon                               
f        1
     14
d        1
u        0
s        0
m        0
c        0   0
e        0   0
t        0   0
vals
  1.00814E-07 0.0089
tfc    1       1       1       1       1       1       1       1       1
       1000  1.15387E-07  8.47570E-02  6.03237E+00
tally   74   -1    0
 1 0 0 0 0 0 0 0 0 0 0 0 0 0 0 0 0 0 0 0 0 0 0 0 0 0 0 0 0 0 0 0 0 0 0 0 0
     UCN Production Tally 1 in He-II - multi phonon                             
f        1
     14
d        1
u        0
s        0
m        0
c        0   0
e        0   0
t        0   0
vals
  6.79424E-08 0.0059
tfc    1       1       1       1       1       1       1       1       1
       1000  7.36081E-08  4.66029E-02  1.99533E+01
tally   84   -1    0
 1 0 0 0 0 0 0 0 0 0 0 0 0 0 0 0 0 0 0 0 0 0 0 0 0 0 0 0 0 0 0 0 0 0 0 0 0
     UCN Production Tally 2 in He-II - one phonon                               
f        1
     14
d        1
u        0
s        0
m        0
c        0   0
e        0   0
t        0   0
vals
  1.00170E-07 0.0088
tfc    1       1       1       1       1       1       1       1       1
       1000  1.25039E-07  8.04308E-02  6.69876E+00
tally   94   -1    0
 1 0 0 0 0 0 0 0 0 0 0 0 0 0 0 0 0 0 0 0 0 0 0 0 0 0 0 0 0 0 0 0 0 0 0 0 0
     UCN Production Tally 2 in He-II - multi phonon                             
f        1
     14
d        1
u        0
s        0
m        0
c        0   0
e        0   0
t        0   0
vals
  7.48279E-08 0.0059
tfc    1       1       1       1       1       1       1       1       1
       1000  8.10145E-08  4.62505E-02  2.02584E+01
tally  116   -4    0    2
 1 1 1 0 0 0 0 0 1 0 0 0 0 0 0 0 0 0 0 0 0 0 0 0 0 0 0 0 0 0 0 0 0 0 0 0 0
      Energy deposition binned in 1-minute intervals                            
f        6
      8      9     11     12     13     14
d        1
u        0
s        0
m        0
c        0   0
e        0   0
tt      22   0
  1.00000E+07  6.00000E+09  1.20000E+10  1.80000E+10  2.40000E+10  3.00000E+10
  3.60000E+10  4.20000E+10  4.80000E+10  5.40000E+10  6.00000E+10  6.60000E+10
  7.20000E+10  7.80000E+10  8.40000E+10  9.00000E+10  9.60000E+10  1.02000E+11
  1.08000E+11  1.14000E+11  1.20000E+11
vals
  1.16506E-05 0.0086  2.43748E-06 0.0060  1.70177E-06 0.0064  1.35111E-06 0.0066
  9.94848E-07 0.0069  8.08160E-07 0.0073  4.83062E-07 0.0083  4.25335E-07 0.0089
  2.91738E-07 0.0101  2.13511E-07 0.0114  1.76057E-07 0.0128  1.04640E-07 0.0167
  8.95551E-08 0.0176  6.15732E-08 0.0210  4.46637E-08 0.0249  3.67499E-08 0.0276
  2.18623E-08 0.0338  1.77213E-08 0.0395  9.59536E-09 0.0540  9.70243E-09 0.0574
  9.00372E-09 0.0554  2.09385E-05 0.0063  2.31768E-05 0.0054  7.68106E-07 0.0056
  5.28006E-07 0.0059  4.19038E-07 0.0061  3.09771E-07 0.0065  2.50594E-07 0.0069
  1.50116E-07 0.0077  1.30157E-07 0.0080  9.00877E-08 0.0090  6.40574E-08 0.0100
  5.35240E-08 0.0108  3.28055E-08 0.0142  2.75199E-08 0.0153  1.98190E-08 0.0182
  1.38710E-08 0.0212  1.15596E-08 0.0234  6.34789E-09 0.0308  5.29830E-09 0.0345
  3.18013E-09 0.0465  2.68987E-09 0.0478  2.69334E-09 0.0500  2.60659E-05 0.0053
  6.34349E-05 0.0077  3.05243E-06 0.0077  2.10322E-06 0.0087  1.67069E-06 0.0092
  1.22059E-06 0.0107  1.00786E-06 0.0114  5.91794E-07 0.0149  5.16103E-07 0.0159
  3.56544E-07 0.0194  2.66552E-07 0.0224  2.15989E-07 0.0242  1.26800E-07 0.0321
  1.09842E-07 0.0339  7.79796E-08 0.0400  5.80490E-08 0.0497  4.51216E-08 0.0508
  2.94024E-08 0.0692  2.11654E-08 0.0766  9.41756E-09 0.1101  1.00530E-08 0.1186
  1.16663E-08 0.1045  7.49358E-05 0.0070  2.91021E-05 0.0080  1.07576E-05 0.0059
  7.52173E-06 0.0063  5.97799E-06 0.0064  4.36127E-06 0.0069  3.54883E-06 0.0073
  2.13854E-06 0.0081  1.84187E-06 0.0084  1.25506E-06 0.0097  9.21553E-07 0.0108
  7.52061E-07 0.0119  4.46054E-07 0.0155  3.84414E-07 0.0173  2.73107E-07 0.0201
  1.96593E-07 0.0240  1.62392E-07 0.0260  1.02356E-07 0.0331  7.72379E-08 0.0377
  3.67333E-08 0.0541  4.04606E-08 0.0525  3.71399E-08 0.0532  6.99347E-05 0.0057
  3.32688E-05 0.0182  1.61336E-05 0.0091  1.13007E-05 0.0105  8.90037E-06 0.0112
  6.56752E-06 0.0135  5.35730E-06 0.0149  3.11950E-06 0.0191  2.75836E-06 0.0205
  1.88682E-06 0.0245  1.42132E-06 0.0277  1.18553E-06 0.0311  6.82860E-07 0.0399
  5.72824E-07 0.0443  3.74943E-07 0.0511  2.88181E-07 0.0595  2.42241E-07 0.0672
  1.33555E-07 0.0873  1.19191E-07 0.0936  7.54868E-08 0.1241  5.11725E-08 0.1358
  6.53776E-08 0.1335  9.45051E-05 0.0079  3.50226E-05 0.0186  4.77147E-06 0.0148
  3.32655E-06 0.0176  2.70668E-06 0.0195  1.93070E-06 0.0224  1.60689E-06 0.0245
  9.94796E-07 0.0322  8.11626E-07 0.0345  5.18217E-07 0.0423  4.30405E-07 0.0480
  3.77205E-07 0.0533  2.26214E-07 0.0646  1.64698E-07 0.0704  1.18209E-07 0.0914
  8.51953E-08 0.1076  7.34541E-08 0.1053  4.70259E-08 0.1615  3.43096E-08 0.1676
  1.42890E-08 0.2184  1.61691E-08 0.2642  1.93992E-08 0.2522  5.32960E-05 0.0128
tfc    1       1       1       1       1       1       1       1      22
       1000  2.03803E-05  5.06480E-02  1.68933E+01
